,seconds,concurrency
0,0,0
1,1,0
2,2,0
3,3,2
4,4,2
5,5,1
6,6,2
7,7,2
8,8,1
9,9,2
10,10,2
11,11,2
12,12,1
13,13,2
14,14,2
15,15,1
16,16,2
17,17,1
18,18,3
19,19,2
20,20,2
21,21,1
22,22,2
23,23,1
24,24,3
25,25,2
26,26,2
27,27,1
28,28,1
29,29,3
30,30,1
31,31,3
32,32,2
33,33,1
34,34,2
35,35,1
36,36,1
37,37,1
38,38,2
39,39,1
40,40,3
41,41,1
42,42,3
43,43,2
44,44,2
45,45,2
46,46,2
47,47,1
48,48,2
49,49,2
50,50,1
51,51,4
52,52,1
53,53,2
54,54,2
55,55,1
56,56,2
57,57,1
58,58,1
59,59,2
60,60,1
61,61,3
62,62,1
63,63,2
64,64,1
65,65,1
66,66,2
67,67,4
68,68,2
69,69,3
70,70,3
71,71,3
72,72,1
73,73,6
74,74,2
75,75,3
76,76,1
77,77,3
78,78,1
79,79,3
80,80,1
81,81,3
82,82,1
83,83,2
84,84,1
85,85,2
86,86,2
87,87,2
88,88,2
89,89,1
90,90,2
91,91,2
92,92,1
93,93,2
94,94,1
95,95,1
96,96,2
97,97,1
98,98,1
99,99,2
100,100,2
101,101,1
102,102,2
103,103,1
104,104,2
105,105,2
106,106,2
107,107,1
108,108,2
109,109,2
110,110,2
111,111,1
112,112,3
113,113,1
114,114,2
115,115,1
116,116,1
117,117,2
118,118,2
119,119,2
120,120,1
121,121,2
122,122,2
123,123,1
124,124,1
125,125,2
126,126,1
127,127,0
128,128,0
129,129,0
130,130,0
131,131,0
132,132,0
133,133,0
134,134,0
135,135,0
136,136,0
137,137,0
138,138,0
139,139,0
140,140,0
141,141,0
142,142,0
143,143,0
144,144,0
145,145,0
146,146,0
147,147,0
148,148,0
149,149,0
150,150,0
151,151,0
152,152,0
153,153,0
154,154,0
155,155,0
156,156,0
157,157,0
158,158,0
159,159,0
160,160,0
161,161,0
162,162,0
163,163,0
164,164,0
165,165,0
166,166,0
167,167,0
168,168,0
169,169,0
170,170,0
171,171,0
172,172,0
173,173,0
174,174,0
175,175,0
176,176,0
177,177,0
178,178,0
179,179,0
180,180,0
181,181,0
182,182,0
183,183,0
184,184,0
185,185,0
186,186,0
187,187,0
188,188,0
189,189,0
190,190,0
191,191,0
192,192,0
193,193,0
194,194,0
195,195,0
196,196,0
197,197,0
198,198,0
199,199,0
200,200,0
201,201,0
202,202,0
203,203,0
204,204,0
205,205,0
206,206,0
207,207,0
208,208,0
209,209,0
210,210,0
211,211,0
212,212,0
213,213,0
214,214,0
215,215,0
216,216,0
217,217,0
218,218,0
219,219,0
220,220,0
221,221,0
222,222,0
223,223,0
224,224,0
225,225,0
226,226,0
227,227,0
228,228,0
229,229,0
230,230,0
231,231,0
232,232,0
233,233,0
234,234,0
235,235,0
236,236,0
237,237,0
238,238,0
239,239,0
240,240,0
241,241,0
242,242,0
243,243,0
244,244,0
245,245,0
246,246,0
247,247,0
248,248,0
249,249,0
250,250,0
251,251,0
252,252,0
253,253,0
254,254,0
255,255,0
256,256,0
257,257,0
258,258,0
259,259,0
260,260,0
261,261,0
262,262,0
263,263,0
264,264,0
265,265,0
266,266,0
267,267,0
268,268,0
269,269,0
270,270,0
271,271,0
272,272,0
273,273,0
274,274,0
275,275,0
276,276,0
277,277,0
278,278,0
279,279,0
280,280,0
281,281,0
282,282,0
283,283,0
284,284,0
285,285,0
286,286,0
287,287,0
288,288,0
289,289,0
290,290,0
291,291,0
292,292,0
293,293,0
294,294,0
295,295,0
296,296,0
297,297,0
298,298,0
299,299,0
