,seconds,concurrency
0,0,0
1,1,0
2,2,0
3,3,0
4,4,0
5,5,0
6,6,0
7,7,0
8,8,0
9,9,0
10,10,0
11,11,0
12,12,0
13,13,0
14,14,0
15,15,0
16,16,0
17,17,1
18,18,0
19,19,0
20,20,0
21,21,0
22,22,0
23,23,0
24,24,0
25,25,0
26,26,0
27,27,0
28,28,0
29,29,0
30,30,0
31,31,1
32,32,0
33,33,0
34,34,0
35,35,0
36,36,0
37,37,0
38,38,0
39,39,0
40,40,0
41,41,0
42,42,0
43,43,2
44,44,0
45,45,0
46,46,0
47,47,0
48,48,0
49,49,0
50,50,0
51,51,0
52,52,0
53,53,0
54,54,0
55,55,1
56,56,0
57,57,0
58,58,0
59,59,0
60,60,0
61,61,0
62,62,0
63,63,0
64,64,0
65,65,0
66,66,0
67,67,0
68,68,0
69,69,0
70,70,0
71,71,0
72,72,0
73,73,0
74,74,0
75,75,0
76,76,0
77,77,0
78,78,0
79,79,0
80,80,0
81,81,0
82,82,1
83,83,0
84,84,0
85,85,1
86,86,0
87,87,0
88,88,1
89,89,0
90,90,0
91,91,0
92,92,0
93,93,0
94,94,0
95,95,0
96,96,0
97,97,0
98,98,0
99,99,0
100,100,0
101,101,0
102,102,0
103,103,1
104,104,0
105,105,0
106,106,0
107,107,0
108,108,0
109,109,0
110,110,0
111,111,0
112,112,1
113,113,0
114,114,0
115,115,0
116,116,0
117,117,0
118,118,0
119,119,0
120,120,0
121,121,0
122,122,0
123,123,0
124,124,0
125,125,0
126,126,0
127,127,0
128,128,0
129,129,0
130,130,0
131,131,0
132,132,0
133,133,0
134,134,0
135,135,0
136,136,0
137,137,1
138,138,0
139,139,0
140,140,0
141,141,0
142,142,0
143,143,0
144,144,0
145,145,1
146,146,0
147,147,1
148,148,4
149,149,3
150,150,1
151,151,2
152,152,4
153,153,1
154,154,10
155,155,6
156,156,5
157,157,7
158,158,6
159,159,3
160,160,4
161,161,6
162,162,12
163,163,14
164,164,13
165,165,19
166,166,11
167,167,7
168,168,0
169,169,0
170,170,0
171,171,0
172,172,1
173,173,0
174,174,0
175,175,0
176,176,0
177,177,16
178,178,0
179,179,12
180,180,16
181,181,2
182,182,0
183,183,8
184,184,0
185,185,15
186,186,11
187,187,4
188,188,3
189,189,8
190,190,10
191,191,1
192,192,1
193,193,0
194,194,4
195,195,1
196,196,1
197,197,0
198,198,0
199,199,11
200,200,5
201,201,1
202,202,2
203,203,0
204,204,3
205,205,4
206,206,5
207,207,3
208,208,2
209,209,3
210,210,2
211,211,3
212,212,4
213,213,9
214,214,11
215,215,10
216,216,6
217,217,0
218,218,1
219,219,19
220,220,26
221,221,12
222,222,2
223,223,9
224,224,7
225,225,13
226,226,6
227,227,6
228,228,2
229,229,0
230,230,3
231,231,16
232,232,5
233,233,10
234,234,23
235,235,27
236,236,10
237,237,0
238,238,0
239,239,0
240,240,0
241,241,32
242,242,1
243,243,0
244,244,0
245,245,0
246,246,1
247,247,0
248,248,49
249,249,5
250,250,2
251,251,16
252,252,8
253,253,19
254,254,4
255,255,0
256,256,1
257,257,0
258,258,0
259,259,0
260,260,17
261,261,0
262,262,57
263,263,13
264,264,1
265,265,1
266,266,0
267,267,0
268,268,0
269,269,16
270,270,10
271,271,7
272,272,0
273,273,0
274,274,0
275,275,0
276,276,0
277,277,0
278,278,0
279,279,2
280,280,0
281,281,0
282,282,50
283,283,3
284,284,0
285,285,0
286,286,0
287,287,0
288,288,0
289,289,0
290,290,0
291,291,1
292,292,0
293,293,0
294,294,0
295,295,29
296,296,14
297,297,33
298,298,26
299,299,2
