,seconds,concurrency
0,0,22
1,1,27
2,2,26
3,3,18
4,4,23
5,5,24
6,6,22
7,7,25
8,8,21
9,9,22
10,10,22
11,11,22
12,12,19
13,13,20
14,14,25
15,15,20
16,16,15
17,17,20
18,18,24
19,19,21
20,20,19
21,21,23
22,22,21
23,23,26
24,24,22
25,25,28
26,26,19
27,27,23
28,28,24
29,29,21
30,30,19
31,31,14
32,32,21
33,33,17
34,34,21
35,35,19
36,36,21
37,37,19
38,38,18
39,39,20
40,40,24
41,41,24
42,42,23
43,43,29
44,44,23
45,45,24
46,46,23
47,47,29
48,48,21
49,49,18
50,50,18
51,51,23
52,52,22
53,53,22
54,54,27
55,55,21
56,56,18
57,57,21
58,58,15
59,59,17
60,60,14
61,61,16
62,62,14
63,63,11
64,64,18
65,65,17
66,66,21
67,67,19
68,68,19
69,69,22
70,70,24
71,71,20
72,72,19
73,73,19
74,74,24
75,75,19
76,76,22
77,77,18
78,78,19
79,79,14
80,80,15
81,81,16
82,82,20
83,83,20
84,84,19
85,85,15
86,86,17
87,87,17
88,88,20
89,89,19
90,90,17
91,91,22
92,92,18
93,93,16
94,94,19
95,95,20
96,96,18
97,97,18
98,98,20
99,99,25
100,100,21
101,101,19
102,102,26
103,103,28
104,104,22
105,105,22
106,106,19
107,107,24
108,108,24
109,109,20
110,110,16
111,111,23
112,112,19
113,113,22
114,114,28
115,115,21
116,116,20
117,117,21
118,118,16
119,119,24
120,120,20
121,121,21
122,122,21
123,123,21
124,124,17
125,125,22
126,126,19
127,127,24
128,128,18
129,129,21
130,130,26
131,131,24
132,132,22
133,133,20
134,134,23
135,135,19
136,136,14
137,137,23
138,138,21
139,139,21
140,140,21
141,141,21
142,142,24
143,143,21
144,144,21
145,145,19
146,146,25
147,147,27
148,148,20
149,149,20
150,150,22
151,151,21
152,152,24
153,153,21
154,154,18
155,155,20
156,156,22
157,157,22
158,158,21
159,159,23
160,160,23
161,161,18
162,162,23
163,163,20
164,164,20
165,165,25
166,166,20
167,167,18
168,168,23
169,169,19
170,170,28
171,171,22
172,172,14
173,173,21
174,174,19
175,175,18
176,176,21
177,177,15
178,178,19
179,179,20
180,180,24
181,181,17
182,182,26
183,183,19
184,184,16
185,185,18
186,186,22
187,187,24
188,188,23
189,189,20
190,190,25
191,191,16
192,192,18
193,193,24
194,194,21
195,195,18
196,196,24
197,197,20
198,198,28
199,199,25
200,200,25
201,201,22
202,202,25
203,203,23
204,204,22
205,205,23
206,206,20
207,207,18
208,208,24
209,209,22
210,210,26
211,211,21
212,212,25
213,213,23
214,214,16
215,215,19
216,216,26
217,217,24
218,218,20
219,219,17
220,220,19
221,221,22
222,222,20
223,223,19
224,224,20
225,225,21
226,226,23
227,227,23
228,228,20
229,229,23
230,230,17
231,231,18
232,232,20
233,233,16
234,234,25
235,235,20
236,236,26
237,237,20
238,238,29
239,239,20
240,240,18
241,241,17
242,242,23
243,243,22
244,244,18
245,245,18
246,246,22
247,247,20
248,248,21
249,249,22
250,250,23
251,251,24
252,252,20
253,253,24
254,254,23
255,255,19
256,256,22
257,257,20
258,258,26
259,259,23
260,260,24
261,261,21
262,262,25
263,263,26
264,264,17
265,265,21
266,266,28
267,267,24
268,268,19
269,269,20
270,270,23
271,271,21
272,272,25
273,273,24
274,274,21
275,275,25
276,276,20
277,277,18
278,278,20
279,279,13
280,280,27
281,281,20
282,282,27
283,283,24
284,284,27
285,285,21
286,286,20
287,287,23
288,288,19
289,289,21
290,290,23
291,291,27
292,292,21
293,293,24
294,294,18
295,295,26
296,296,22
297,297,21
298,298,20
299,299,22
