,seconds,concurrency
0,290,0
1,291,1
2,292,1
3,293,2
4,294,1
5,295,1
6,296,1
7,297,2
8,298,1
9,299,1
10,0,1
11,1,1
12,2,1
13,3,1
14,4,1
15,5,1
16,6,1
17,7,2
18,8,0
19,9,1
20,10,1
21,11,1
22,12,1
23,13,1
24,14,1
25,15,1
26,16,2
27,17,1
28,18,1
29,19,1
30,20,1
31,21,1
32,22,1
33,23,2
34,24,1
35,25,0
36,26,1
37,27,1
38,28,1
39,29,2
40,30,1
41,31,1
42,32,1
43,33,1
44,34,1
45,35,1
46,36,1
47,37,1
48,38,1
49,39,1
50,40,1
51,41,1
52,42,2
53,43,1
54,44,1
55,45,1
56,46,1
57,47,1
58,48,1
59,49,1
60,50,1
61,51,2
62,52,1
63,53,1
64,54,2
65,55,1
66,56,1
67,57,1
68,58,1
69,59,1
70,60,1
71,61,1
72,62,2
73,63,1
74,64,1
75,65,2
76,66,1
77,67,1
78,68,1
79,69,1
80,70,1
81,71,1
82,72,1
83,73,1
84,74,1
85,75,0
86,76,1
87,77,1
88,78,1
89,79,2
90,80,1
91,81,1
92,82,1
93,83,1
94,84,1
95,85,2
96,86,1
97,87,1
98,88,1
99,89,1
100,90,1
101,91,2
102,92,1
103,93,1
104,94,1
105,95,1
106,96,1
107,97,2
108,98,1
109,99,1
110,100,1
111,101,2
112,102,1
113,103,1
114,104,1
115,105,1
116,106,1
117,107,2
118,108,1
119,109,1
120,110,1
121,111,1
122,112,1
123,113,1
124,114,1
125,115,1
126,116,1
127,117,1
128,118,2
129,119,1
130,120,0
131,121,2
132,122,1
133,123,1
134,124,1
135,125,1
136,126,1
137,127,1
138,128,2
139,129,1
140,130,1
141,131,1
142,132,1
143,133,2
144,134,1
145,135,1
146,136,1
147,137,2
148,138,1
149,139,2
150,140,1
151,141,1
152,142,0
153,143,2
154,144,1
155,145,1
156,146,1
157,147,1
158,148,1
159,149,1
160,150,1
161,151,1
162,152,2
163,153,1
164,154,1
165,155,1
166,156,1
167,157,2
168,158,0
169,159,2
170,160,1
171,161,1
172,162,1
173,163,1
174,164,1
175,165,1
176,166,0
177,167,2
178,168,1
179,169,0
180,170,2
181,171,1
182,172,1
183,173,1
184,174,1
185,175,1
186,176,1
187,177,2
188,178,1
189,179,1
190,180,2
191,181,1
192,182,1
193,183,1
194,184,1
195,185,1
196,186,1
197,187,1
198,188,1
199,189,1
200,190,1
201,191,2
202,192,1
203,193,1
204,194,1
205,195,1
206,196,1
207,197,2
208,198,0
209,199,2
210,200,1
211,201,1
212,202,1
213,203,1
214,204,2
215,205,0
216,206,1
217,207,2
218,208,1
219,209,1
220,210,1
221,211,1
222,212,1
223,213,1
224,214,2
225,215,1
226,216,1
227,217,1
228,218,1
229,219,1
230,220,2
231,221,1
232,222,1
233,223,2
234,224,1
235,225,1
236,226,1
237,227,2
238,228,1
239,229,1
240,230,1
241,231,1
242,232,1
243,233,1
244,234,2
245,235,1
246,236,1
247,237,1
248,238,1
249,239,1
250,240,1
251,241,1
252,242,1
253,243,1
254,244,2
255,245,1
256,246,2
257,247,1
258,248,1
259,249,1
260,250,1
261,251,1
262,252,1
263,253,1
264,254,1
265,255,2
266,256,1
267,257,1
268,258,1
269,259,1
270,260,1
271,261,1
272,262,1
273,263,1
274,264,1
275,265,1
276,266,1
277,267,2
278,268,1
279,269,1
280,270,1
281,271,2
282,272,1
283,273,1
284,274,1
285,275,2
286,276,1
287,277,1
288,278,1
289,279,2
290,280,1
291,281,1
292,282,1
293,283,1
294,284,1
295,285,2
296,286,1
297,287,1
298,288,1
299,289,2
