,seconds,concurrency
0,0,0
1,1,1
2,2,2
3,3,2
4,4,1
5,5,0
6,6,1
7,7,0
8,8,0
9,9,1
10,10,2
11,11,1
12,12,2
13,13,2
14,14,1
15,15,1
16,16,0
17,17,1
18,18,0
19,19,0
20,20,0
21,21,1
22,22,0
23,23,0
24,24,0
25,25,0
26,26,0
27,27,0
28,28,0
29,29,0
30,30,0
31,31,0
32,32,0
33,33,0
34,34,0
35,35,0
36,36,0
37,37,0
38,38,0
39,39,0
40,40,0
41,41,0
42,42,0
43,43,1
44,44,1
45,45,1
46,46,0
47,47,0
48,48,0
49,49,1
50,50,0
51,51,0
52,52,0
53,53,0
54,54,0
55,55,0
56,56,1
57,57,0
58,58,0
59,59,0
60,60,0
61,61,0
62,62,0
63,63,0
64,64,0
65,65,0
66,66,1
67,67,0
68,68,0
69,69,0
70,70,0
71,71,0
72,72,0
73,73,0
74,74,0
75,75,0
76,76,0
77,77,0
78,78,0
79,79,0
80,80,0
81,81,0
82,82,0
83,83,0
84,84,0
85,85,0
86,86,0
87,87,0
88,88,0
89,89,0
90,90,0
91,91,0
92,92,0
93,93,0
94,94,0
95,95,0
96,96,0
97,97,0
98,98,0
99,99,0
100,100,0
101,101,0
102,102,0
103,103,0
104,104,0
105,105,0
106,106,0
107,107,0
108,108,0
109,109,0
110,110,0
111,111,0
112,112,0
113,113,0
114,114,0
115,115,0
116,116,0
117,117,0
118,118,0
119,119,1
120,120,0
121,121,0
122,122,0
123,123,0
124,124,0
125,125,0
126,126,0
127,127,1
128,128,0
129,129,0
130,130,0
131,131,0
132,132,0
133,133,0
134,134,1
135,135,0
136,136,0
137,137,0
138,138,0
139,139,0
140,140,0
141,141,0
142,142,0
143,143,0
144,144,0
145,145,0
146,146,0
147,147,1
148,148,0
149,149,0
150,150,0
151,151,0
152,152,0
153,153,0
154,154,0
155,155,0
156,156,0
157,157,1
158,158,0
159,159,0
160,160,0
161,161,1
162,162,0
163,163,1
164,164,0
165,165,0
166,166,0
167,167,0
168,168,0
169,169,0
170,170,0
171,171,1
172,172,0
173,173,0
174,174,0
175,175,1
176,176,1
177,177,0
178,178,1
179,179,1
180,180,0
181,181,2
182,182,1
183,183,0
184,184,0
185,185,0
186,186,1
187,187,0
188,188,0
189,189,2
190,190,0
191,191,1
192,192,1
193,193,0
194,194,2
195,195,1
196,196,0
197,197,1
198,198,1
199,199,0
200,200,1
201,201,0
202,202,0
203,203,0
204,204,2
205,205,2
206,206,1
207,207,0
208,208,1
209,209,2
210,210,0
211,211,1
212,212,1
213,213,0
214,214,0
215,215,0
216,216,0
217,217,0
218,218,0
219,219,1
220,220,1
221,221,2
222,222,0
223,223,0
224,224,1
225,225,2
226,226,2
227,227,2
228,228,3
229,229,0
230,230,1
231,231,1
232,232,1
233,233,0
234,234,1
235,235,1
236,236,3
237,237,0
238,238,0
239,239,3
240,240,0
241,241,0
242,242,0
243,243,1
244,244,1
245,245,1
246,246,0
247,247,1
248,248,1
249,249,0
250,250,1
251,251,0
252,252,0
253,253,0
254,254,0
255,255,0
256,256,1
257,257,0
258,258,2
259,259,1
260,260,1
261,261,0
262,262,1
263,263,1
264,264,0
265,265,0
266,266,0
267,267,0
268,268,0
269,269,0
270,270,0
271,271,0
272,272,0
273,273,0
274,274,0
275,275,0
276,276,0
277,277,0
278,278,0
279,279,0
280,280,0
281,281,0
282,282,0
283,283,1
284,284,0
285,285,0
286,286,0
287,287,0
288,288,0
289,289,0
290,290,0
291,291,0
292,292,0
293,293,0
294,294,0
295,295,0
296,296,0
297,297,0
298,298,0
299,299,0
