,seconds,concurrency
0,290,0
1,291,0
2,292,4
3,293,1
4,294,0
5,295,1
6,296,0
7,297,4
8,298,3
9,299,5
10,0,2
11,1,6
12,2,4
13,3,0
14,4,1
15,5,0
16,6,0
17,7,1
18,8,1
19,9,1
20,10,0
21,11,0
22,12,0
23,13,0
24,14,1
25,15,1
26,16,2
27,17,0
28,18,0
29,19,0
30,20,1
31,21,0
32,22,0
33,23,0
34,24,0
35,25,0
36,26,0
37,27,1
38,28,1
39,29,1
40,30,0
41,31,1
42,32,0
43,33,0
44,34,1
45,35,0
46,36,1
47,37,0
48,38,2
49,39,0
50,40,0
51,41,0
52,42,0
53,43,1
54,44,1
55,45,0
56,46,7
57,47,2
58,48,4
59,49,1
60,50,1
61,51,2
62,52,7
63,53,2
64,54,0
65,55,4
66,56,4
67,57,4
68,58,2
69,59,8
70,60,6
71,61,3
72,62,1
73,63,5
74,64,3
75,65,2
76,66,5
77,67,4
78,68,5
79,69,10
80,70,10
81,71,1
82,72,12
83,73,4
84,74,2
85,75,8
86,76,3
87,77,5
88,78,5
89,79,6
90,80,4
91,81,2
92,82,4
93,83,3
94,84,0
95,85,2
96,86,2
97,87,10
98,88,4
99,89,3
100,90,3
101,91,3
102,92,3
103,93,1
104,94,3
105,95,3
106,96,6
107,97,1
108,98,0
109,99,5
110,100,0
111,101,0
112,102,1
113,103,1
114,104,1
115,105,0
116,106,1
117,107,0
118,108,1
119,109,0
120,110,0
121,111,2
122,112,1
123,113,0
124,114,1
125,115,4
126,116,6
127,117,10
128,118,5
129,119,10
130,120,6
131,121,2
132,122,6
133,123,1
134,124,3
135,125,1
136,126,4
137,127,1
138,128,0
139,129,1
140,130,1
141,131,3
142,132,4
143,133,2
144,134,7
145,135,6
146,136,2
147,137,1
148,138,0
149,139,1
150,140,5
151,141,0
152,142,5
153,143,1
154,144,3
155,145,1
156,146,0
157,147,1
158,148,1
159,149,0
160,150,0
161,151,0
162,152,1
163,153,0
164,154,2
165,155,3
166,156,0
167,157,1
168,158,0
169,159,1
170,160,0
171,161,0
172,162,0
173,163,0
174,164,0
175,165,2
176,166,1
177,167,0
178,168,0
179,169,0
180,170,1
181,171,5
182,172,2
183,173,0
184,174,2
185,175,0
186,176,1
187,177,0
188,178,0
189,179,7
190,180,1
191,181,0
192,182,4
193,183,3
194,184,2
195,185,4
196,186,0
197,187,3
198,188,2
199,189,3
200,190,6
201,191,2
202,192,4
203,193,4
204,194,3
205,195,4
206,196,4
207,197,0
208,198,3
209,199,1
210,200,0
211,201,0
212,202,0
213,203,0
214,204,0
215,205,0
216,206,0
217,207,0
218,208,0
219,209,0
220,210,0
221,211,0
222,212,0
223,213,2
224,214,2
225,215,1
226,216,0
227,217,0
228,218,0
229,219,1
230,220,0
231,221,0
232,222,0
233,223,0
234,224,0
235,225,0
236,226,0
237,227,4
238,228,6
239,229,1
240,230,2
241,231,0
242,232,1
243,233,0
244,234,0
245,235,0
246,236,0
247,237,0
248,238,2
249,239,4
250,240,1
251,241,2
252,242,0
253,243,0
254,244,0
255,245,0
256,246,1
257,247,0
258,248,2
259,249,0
260,250,2
261,251,0
262,252,0
263,253,2
264,254,3
265,255,1
266,256,0
267,257,0
268,258,0
269,259,2
270,260,0
271,261,2
272,262,0
273,263,0
274,264,0
275,265,0
276,266,0
277,267,0
278,268,1
279,269,3
280,270,1
281,271,0
282,272,0
283,273,1
284,274,0
285,275,1
286,276,0
287,277,0
288,278,0
289,279,0
290,280,0
291,281,0
292,282,0
293,283,3
294,284,2
295,285,0
296,286,0
297,287,0
298,288,0
299,289,1
