,seconds,concurrency
0,290,2
1,291,6
2,292,3
3,293,1
4,294,2
5,295,5
6,296,0
7,297,0
8,298,2
9,299,1
10,0,4
11,1,1
12,2,3
13,3,1
14,4,0
15,5,0
16,6,0
17,7,0
18,8,0
19,9,1
20,10,3
21,11,3
22,12,2
23,13,1
24,14,1
25,15,2
26,16,3
27,17,3
28,18,4
29,19,2
30,20,3
31,21,5
32,22,4
33,23,4
34,24,1
35,25,1
36,26,3
37,27,8
38,28,1
39,29,3
40,30,8
41,31,4
42,32,6
43,33,3
44,34,1
45,35,3
46,36,7
47,37,4
48,38,6
49,39,3
50,40,3
51,41,2
52,42,4
53,43,3
54,44,7
55,45,5
56,46,2
57,47,2
58,48,3
59,49,2
60,50,1
61,51,4
62,52,6
63,53,6
64,54,3
65,55,6
66,56,6
67,57,4
68,58,1
69,59,4
70,60,3
71,61,1
72,62,1
73,63,3
74,64,2
75,65,2
76,66,2
77,67,6
78,68,1
79,69,6
80,70,1
81,71,6
82,72,2
83,73,4
84,74,6
85,75,0
86,76,0
87,77,3
88,78,0
89,79,1
90,80,1
91,81,4
92,82,0
93,83,0
94,84,0
95,85,0
96,86,0
97,87,0
98,88,0
99,89,0
100,90,0
101,91,0
102,92,0
103,93,0
104,94,0
105,95,0
106,96,0
107,97,0
108,98,0
109,99,0
110,100,0
111,101,0
112,102,0
113,103,0
114,104,0
115,105,0
116,106,0
117,107,0
118,108,2
119,109,3
120,110,1
121,111,2
122,112,3
123,113,4
124,114,2
125,115,2
126,116,3
127,117,3
128,118,5
129,119,5
130,120,5
131,121,6
132,122,1
133,123,3
134,124,2
135,125,5
136,126,3
137,127,3
138,128,3
139,129,7
140,130,8
141,131,3
142,132,2
143,133,2
144,134,3
145,135,3
146,136,6
147,137,8
148,138,5
149,139,4
150,140,6
151,141,3
152,142,1
153,143,6
154,144,2
155,145,5
156,146,4
157,147,12
158,148,8
159,149,9
160,150,5
161,151,2
162,152,7
163,153,2
164,154,4
165,155,4
166,156,2
167,157,6
168,158,1
169,159,1
170,160,2
171,161,2
172,162,1
173,163,7
174,164,6
175,165,3
176,166,8
177,167,5
178,168,5
179,169,2
180,170,0
181,171,4
182,172,6
183,173,0
184,174,2
185,175,4
186,176,3
187,177,1
188,178,7
189,179,4
190,180,2
191,181,3
192,182,1
193,183,5
194,184,2
195,185,4
196,186,4
197,187,1
198,188,3
199,189,2
200,190,1
201,191,0
202,192,0
203,193,0
204,194,4
205,195,6
206,196,1
207,197,0
208,198,0
209,199,0
210,200,0
211,201,0
212,202,0
213,203,0
214,204,0
215,205,0
216,206,0
217,207,0
218,208,0
219,209,0
220,210,0
221,211,0
222,212,0
223,213,0
224,214,0
225,215,0
226,216,0
227,217,0
228,218,0
229,219,0
230,220,0
231,221,0
232,222,0
233,223,0
234,224,0
235,225,0
236,226,0
237,227,1
238,228,4
239,229,0
240,230,0
241,231,4
242,232,3
243,233,2
244,234,2
245,235,3
246,236,0
247,237,2
248,238,5
249,239,0
250,240,0
251,241,1
252,242,1
253,243,4
254,244,4
255,245,2
256,246,5
257,247,2
258,248,8
259,249,3
260,250,0
261,251,0
262,252,2
263,253,2
264,254,4
265,255,5
266,256,4
267,257,6
268,258,6
269,259,3
270,260,5
271,261,7
272,262,3
273,263,5
274,264,1
275,265,3
276,266,2
277,267,2
278,268,3
279,269,6
280,270,7
281,271,5
282,272,4
283,273,3
284,274,0
285,275,0
286,276,2
287,277,5
288,278,7
289,279,4
290,280,2
291,281,2
292,282,4
293,283,6
294,284,7
295,285,2
296,286,8
297,287,10
298,288,6
299,289,3
