,seconds,concurrency
0,0,8
1,1,9
2,2,9
3,3,7
4,4,9
5,5,6
6,6,9
7,7,7
8,8,8
9,9,7
10,10,8
11,11,7
12,12,9
13,13,8
14,14,8
15,15,10
16,16,9
17,17,10
18,18,9
19,19,9
20,20,10
21,21,10
22,22,10
23,23,9
24,24,9
25,25,11
26,26,10
27,27,9
28,28,10
29,29,10
30,30,8
31,31,8
32,32,6
33,33,8
34,34,7
35,35,6
36,36,7
37,37,8
38,38,1
39,39,8
40,40,6
41,41,8
42,42,7
43,43,7
44,44,7
45,45,8
46,46,7
47,47,8
48,48,8
49,49,8
50,50,8
51,51,8
52,52,7
53,53,6
54,54,6
55,55,7
56,56,7
57,57,6
58,58,6
59,59,7
60,60,7
61,61,8
62,62,7
63,63,7
64,64,13
65,65,13
66,66,17
67,67,18
68,68,14
69,69,16
70,70,16
71,71,18
72,72,16
73,73,18
74,74,15
75,75,19
76,76,18
77,77,18
78,78,17
79,79,18
80,80,18
81,81,17
82,82,17
83,83,18
84,84,18
85,85,16
86,86,19
87,87,17
88,88,17
89,89,18
90,90,17
91,91,17
92,92,18
93,93,17
94,94,14
95,95,17
96,96,19
97,97,21
98,98,18
99,99,19
100,100,16
101,101,16
102,102,21
103,103,24
104,104,26
105,105,16
106,106,25
107,107,25
108,108,27
109,109,27
110,110,27
111,111,28
112,112,25
113,113,24
114,114,27
115,115,26
116,116,26
117,117,26
118,118,21
119,119,26
120,120,29
121,121,27
122,122,25
123,123,27
124,124,30
125,125,28
126,126,28
127,127,29
128,128,26
129,129,30
130,130,30
131,131,27
132,132,28
133,133,28
134,134,29
135,135,31
136,136,31
137,137,30
138,138,28
139,139,30
140,140,28
141,141,22
142,142,25
143,143,29
144,144,29
145,145,31
146,146,30
147,147,30
148,148,30
149,149,26
150,150,27
151,151,26
152,152,30
153,153,29
154,154,28
155,155,32
156,156,28
157,157,31
158,158,25
159,159,27
160,160,28
161,161,26
162,162,28
163,163,27
164,164,28
165,165,29
166,166,29
167,167,27
168,168,29
169,169,29
170,170,29
171,171,28
172,172,28
173,173,29
174,174,30
175,175,27
176,176,29
177,177,25
178,178,27
179,179,28
180,180,27
181,181,28
182,182,29
183,183,28
184,184,29
185,185,29
186,186,31
187,187,28
188,188,29
189,189,28
190,190,28
191,191,28
192,192,29
193,193,28
194,194,29
195,195,32
196,196,29
197,197,27
198,198,24
199,199,29
200,200,29
201,201,29
202,202,31
203,203,32
204,204,32
205,205,29
206,206,28
207,207,33
208,208,31
209,209,31
210,210,30
211,211,30
212,212,35
213,213,32
214,214,36
215,215,29
216,216,35
217,217,33
218,218,35
219,219,40
220,220,36
221,221,38
222,222,38
223,223,37
224,224,37
225,225,46
226,226,48
227,227,48
228,228,51
229,229,50
230,230,51
231,231,55
232,232,55
233,233,11
234,234,21
235,235,53
236,236,57
237,237,58
238,238,54
239,239,60
240,240,55
241,241,57
242,242,53
243,243,57
244,244,49
245,245,59
246,246,54
247,247,62
248,248,69
249,249,49
250,250,50
251,251,48
252,252,48
253,253,38
254,254,58
255,255,62
256,256,59
257,257,58
258,258,62
259,259,59
260,260,59
261,261,58
262,262,56
263,263,58
264,264,55
265,265,57
266,266,52
267,267,59
268,268,59
269,269,61
270,270,55
271,271,59
272,272,58
273,273,59
274,274,60
275,275,60
276,276,57
277,277,57
278,278,55
279,279,55
280,280,52
281,281,47
282,282,53
283,283,47
284,284,44
285,285,55
286,286,59
287,287,58
288,288,56
289,289,60
290,290,58
291,291,59
292,292,60
293,293,55
294,294,54
295,295,56
296,296,56
297,297,63
298,298,57
299,299,62
