,seconds,concurrency
0,0,6
1,1,8
2,2,8
3,3,4
4,4,8
5,5,10
6,6,4
7,7,8
8,8,8
9,9,6
10,10,14
11,11,6
12,12,16
13,13,10
14,14,8
15,15,6
16,16,6
17,17,2
18,18,0
19,19,8
20,20,0
21,21,4
22,22,18
23,23,8
24,24,12
25,25,6
26,26,8
27,27,6
28,28,16
29,29,8
30,30,14
31,31,14
32,32,4
33,33,6
34,34,8
35,35,16
36,36,20
37,37,12
38,38,0
39,39,2
40,40,0
41,41,2
42,42,44
43,43,0
44,44,0
45,45,0
46,46,0
47,47,4
48,48,2
49,49,0
50,50,0
51,51,0
52,52,2
53,53,0
54,54,0
55,55,0
56,56,4
57,57,44
58,58,22
59,59,4
60,60,0
61,61,0
62,62,0
63,63,0
64,64,16
65,65,12
66,66,22
67,67,12
68,68,18
69,69,20
70,70,16
71,71,10
72,72,4
73,73,4
74,74,8
75,75,2
76,76,10
77,77,4
78,78,0
79,79,0
80,80,0
81,81,0
82,82,0
83,83,0
84,84,0
85,85,2
86,86,16
87,87,6
88,88,4
89,89,6
90,90,4
91,91,12
92,92,8
93,93,12
94,94,8
95,95,6
96,96,4
97,97,2
98,98,2
99,99,2
100,100,4
101,101,0
102,102,2
103,103,8
104,104,8
105,105,2
106,106,0
107,107,4
108,108,4
109,109,2
110,110,0
111,111,4
112,112,0
113,113,4
114,114,2
115,115,6
116,116,6
117,117,2
118,118,0
119,119,4
120,120,34
121,121,42
122,122,4
123,123,40
124,124,27
125,125,31
126,126,4
127,127,38
128,128,8
129,129,10
130,130,14
131,131,14
132,132,4
133,133,8
134,134,6
135,135,8
136,136,4
137,137,6
138,138,2
139,139,2
140,140,6
141,141,6
142,142,4
143,143,18
144,144,34
145,145,34
146,146,24
147,147,2
148,148,8
149,149,30
150,150,2
151,151,4
152,152,2
153,153,2
154,154,2
155,155,2
156,156,6
157,157,4
158,158,14
159,159,30
160,160,2
161,161,10
162,162,1
163,163,3
164,164,4
165,165,2
166,166,0
167,167,2
168,168,2
169,169,8
170,170,2
171,171,8
172,172,4
173,173,2
174,174,1
175,175,27
176,176,56
177,177,54
178,178,62
179,179,32
180,180,38
181,181,6
182,182,8
183,183,2
184,184,2
185,185,2
186,186,2
187,187,2
188,188,2
189,189,4
190,190,0
191,191,2
192,192,0
193,193,2
194,194,28
195,195,16
196,196,46
197,197,20
198,198,8
199,199,16
200,200,14
201,201,14
202,202,6
203,203,4
204,204,8
205,205,12
206,206,4
207,207,2
208,208,4
209,209,6
210,210,2
211,211,2
212,212,4
213,213,0
214,214,0
215,215,0
216,216,0
217,217,0
218,218,0
219,219,2
220,220,4
221,221,8
222,222,10
223,223,6
224,224,2
225,225,4
226,226,2
227,227,2
228,228,0
229,229,20
230,230,0
231,231,0
232,232,0
233,233,16
234,234,25
235,235,49
236,236,26
237,237,20
238,238,26
239,239,6
240,240,4
241,241,2
242,242,10
243,243,12
244,244,10
245,245,14
246,246,14
247,247,6
248,248,4
249,249,2
250,250,0
251,251,0
252,252,2
253,253,4
254,254,6
255,255,12
256,256,5
257,257,9
258,258,8
259,259,10
260,260,6
261,261,2
262,262,6
263,263,4
264,264,10
265,265,2
266,266,6
267,267,4
268,268,14
269,269,22
270,270,22
271,271,18
272,272,24
273,273,16
274,274,24
275,275,6
276,276,32
277,277,4
278,278,12
279,279,7
280,280,10
281,281,8
282,282,2
283,283,6
284,284,1
285,285,0
286,286,4
287,287,6
288,288,18
289,289,13
290,290,10
291,291,9
292,292,4
293,293,28
294,294,3
295,295,19
296,296,11
297,297,6
298,298,11
299,299,10
