,seconds,concurrency
0,0,3
1,1,7
2,2,3
3,3,1
4,4,3
5,5,2
6,6,0
7,7,1
8,8,0
9,9,0
10,10,1
11,11,2
12,12,2
13,13,2
14,14,4
15,15,2
16,16,1
17,17,4
18,18,5
19,19,8
20,20,5
21,21,7
22,22,3
23,23,5
24,24,6
25,25,4
26,26,8
27,27,9
28,28,7
29,29,5
30,30,4
31,31,4
32,32,0
33,33,1
34,34,5
35,35,5
36,36,6
37,37,9
38,38,7
39,39,6
40,40,5
41,41,4
42,42,5
43,43,3
44,44,2
45,45,1
46,46,4
47,47,7
48,48,4
49,49,3
50,50,9
51,51,7
52,52,7
53,53,7
54,54,11
55,55,8
56,56,5
57,57,3
58,58,5
59,59,1
60,60,1
61,61,1
62,62,4
63,63,2
64,64,11
65,65,10
66,66,6
67,67,9
68,68,8
69,69,2
70,70,0
71,71,2
72,72,3
73,73,1
74,74,0
75,75,1
76,76,0
77,77,1
78,78,1
79,79,3
80,80,1
81,81,0
82,82,1
83,83,2
84,84,2
85,85,1
86,86,4
87,87,3
88,88,6
89,89,7
90,90,10
91,91,5
92,92,16
93,93,5
94,94,5
95,95,9
96,96,8
97,97,3
98,98,7
99,99,8
100,100,4
101,101,6
102,102,3
103,103,1
104,104,6
105,105,1
106,106,0
107,107,1
108,108,0
109,109,2
110,110,0
111,111,1
112,112,3
113,113,1
114,114,4
115,115,0
116,116,3
117,117,0
118,118,1
119,119,4
120,120,2
121,121,1
122,122,2
123,123,3
124,124,3
125,125,4
126,126,2
127,127,5
128,128,3
129,129,6
130,130,0
131,131,6
132,132,3
133,133,2
134,134,5
135,135,7
136,136,5
137,137,8
138,138,6
139,139,3
140,140,6
141,141,1
142,142,0
143,143,2
144,144,1
145,145,2
146,146,3
147,147,4
148,148,4
149,149,5
150,150,1
151,151,2
152,152,3
153,153,0
154,154,1
155,155,8
156,156,10
157,157,7
158,158,6
159,159,15
160,160,13
161,161,14
162,162,22
163,163,17
164,164,12
165,165,17
166,166,22
167,167,13
168,168,13
169,169,10
170,170,8
171,171,17
172,172,14
173,173,12
174,174,2
175,175,5
176,176,10
177,177,0
178,178,4
179,179,12
180,180,11
181,181,7
182,182,13
183,183,19
184,184,11
185,185,10
186,186,16
187,187,8
188,188,15
189,189,6
190,190,4
191,191,8
192,192,6
193,193,7
194,194,8
195,195,9
196,196,9
197,197,13
198,198,8
199,199,12
200,200,12
201,201,6
202,202,6
203,203,14
204,204,4
205,205,7
206,206,14
207,207,10
208,208,6
209,209,7
210,210,7
211,211,11
212,212,7
213,213,4
214,214,6
215,215,7
216,216,2
217,217,8
218,218,2
219,219,3
220,220,1
221,221,2
222,222,4
223,223,2
224,224,3
225,225,0
226,226,1
227,227,2
228,228,6
229,229,13
230,230,6
231,231,4
232,232,6
233,233,9
234,234,12
235,235,9
236,236,11
237,237,13
238,238,9
239,239,6
240,240,8
241,241,9
242,242,5
243,243,8
244,244,7
245,245,5
246,246,9
247,247,3
248,248,6
249,249,6
250,250,0
251,251,1
252,252,1
253,253,3
254,254,0
255,255,0
256,256,0
257,257,1
258,258,0
259,259,0
260,260,0
261,261,0
262,262,0
263,263,0
264,264,0
265,265,0
266,266,0
267,267,0
268,268,0
269,269,0
270,270,0
271,271,0
272,272,0
273,273,0
274,274,0
275,275,0
276,276,0
277,277,0
278,278,0
279,279,0
280,280,0
281,281,0
282,282,0
283,283,0
284,284,1
285,285,1
286,286,1
287,287,2
288,288,2
289,289,2
290,290,0
291,291,1
292,292,1
293,293,0
294,294,1
295,295,6
296,296,0
297,297,0
298,298,0
299,299,0
