,seconds,concurrency
0,290,0
1,291,0
2,292,1
3,293,0
4,294,1
5,295,0
6,296,0
7,297,1
8,298,0
9,299,0
10,0,0
11,1,0
12,2,0
13,3,0
14,4,0
15,5,0
16,6,0
17,7,0
18,8,0
19,9,0
20,10,0
21,11,0
22,12,0
23,13,0
24,14,0
25,15,0
26,16,0
27,17,0
28,18,0
29,19,0
30,20,0
31,21,0
32,22,1
33,23,0
34,24,0
35,25,0
36,26,0
37,27,0
38,28,0
39,29,0
40,30,0
41,31,0
42,32,0
43,33,0
44,34,0
45,35,16
46,36,0
47,37,0
48,38,0
49,39,0
50,40,0
51,41,0
52,42,0
53,43,0
54,44,0
55,45,0
56,46,0
57,47,0
58,48,0
59,49,0
60,50,0
61,51,0
62,52,0
63,53,0
64,54,0
65,55,0
66,56,0
67,57,0
68,58,0
69,59,0
70,60,0
71,61,16
72,62,8
73,63,29
74,64,17
75,65,1
76,66,0
77,67,0
78,68,0
79,69,0
80,70,0
81,71,0
82,72,0
83,73,0
84,74,0
85,75,0
86,76,0
87,77,1
88,78,21
89,79,1
90,80,0
91,81,0
92,82,0
93,83,0
94,84,0
95,85,0
96,86,0
97,87,0
98,88,0
99,89,0
100,90,0
101,91,12
102,92,0
103,93,1
104,94,0
105,95,0
106,96,0
107,97,0
108,98,0
109,99,0
110,100,0
111,101,0
112,102,0
113,103,0
114,104,0
115,105,7
116,106,1
117,107,0
118,108,0
119,109,0
120,110,0
121,111,0
122,112,0
123,113,0
124,114,0
125,115,0
126,116,0
127,117,0
128,118,0
129,119,16
130,120,0
131,121,0
132,122,0
133,123,0
134,124,0
135,125,0
136,126,0
137,127,0
138,128,0
139,129,0
140,130,30
141,131,21
142,132,8
143,133,7
144,134,13
145,135,1
146,136,0
147,137,0
148,138,0
149,139,0
150,140,0
151,141,0
152,142,0
153,143,0
154,144,0
155,145,0
156,146,0
157,147,4
158,148,6
159,149,20
160,150,5
161,151,8
162,152,21
163,153,26
164,154,0
165,155,0
166,156,0
167,157,0
168,158,0
169,159,0
170,160,0
171,161,0
172,162,0
173,163,0
174,164,0
175,165,4
176,166,1
177,167,0
178,168,1
179,169,1
180,170,0
181,171,0
182,172,1
183,173,1
184,174,2
185,175,1
186,176,1
187,177,1
188,178,0
189,179,2
190,180,2
191,181,2
192,182,1
193,183,2
194,184,2
195,185,1
196,186,1
197,187,1
198,188,0
199,189,1
200,190,0
201,191,1
202,192,0
203,193,0
204,194,1
205,195,0
206,196,0
207,197,1
208,198,0
209,199,1
210,200,0
211,201,0
212,202,1
213,203,0
214,204,0
215,205,1
216,206,0
217,207,0
218,208,0
219,209,1
220,210,0
221,211,0
222,212,1
223,213,0
224,214,1
225,215,0
226,216,1
227,217,0
228,218,0
229,219,0
230,220,1
231,221,0
232,222,1
233,223,0
234,224,0
235,225,1
236,226,0
237,227,1
238,228,0
239,229,0
240,230,0
241,231,0
242,232,0
243,233,0
244,234,1
245,235,0
246,236,0
247,237,0
248,238,1
249,239,0
250,240,0
251,241,1
252,242,0
253,243,0
254,244,1
255,245,0
256,246,0
257,247,1
258,248,0
259,249,1
260,250,0
261,251,0
262,252,1
263,253,0
264,254,0
265,255,1
266,256,0
267,257,1
268,258,0
269,259,0
270,260,1
271,261,0
272,262,0
273,263,1
274,264,0
275,265,0
276,266,1
277,267,0
278,268,1
279,269,0
280,270,0
281,271,1
282,272,0
283,273,0
284,274,1
285,275,0
286,276,1
287,277,0
288,278,1
289,279,0
290,280,1
291,281,0
292,282,0
293,283,1
294,284,0
295,285,0
296,286,1
297,287,0
298,288,0
299,289,1
