,seconds,concurrency
0,290,4
1,291,1
2,292,4
3,293,1
4,294,1
5,295,2
6,296,0
7,297,0
8,298,1
9,299,2
10,0,4
11,1,3
12,2,1
13,3,3
14,4,2
15,5,3
16,6,6
17,7,0
18,8,10
19,9,0
20,10,3
21,11,2
22,12,5
23,13,6
24,14,1
25,15,1
26,16,6
27,17,5
28,18,0
29,19,4
30,20,4
31,21,2
32,22,5
33,23,7
34,24,3
35,25,3
36,26,6
37,27,3
38,28,6
39,29,3
40,30,2
41,31,9
42,32,2
43,33,4
44,34,4
45,35,13
46,36,8
47,37,5
48,38,8
49,39,3
50,40,1
51,41,4
52,42,3
53,43,7
54,44,3
55,45,7
56,46,3
57,47,6
58,48,4
59,49,10
60,50,2
61,51,1
62,52,3
63,53,4
64,54,1
65,55,1
66,56,5
67,57,4
68,58,0
69,59,2
70,60,4
71,61,4
72,62,4
73,63,0
74,64,3
75,65,3
76,66,3
77,67,1
78,68,0
79,69,1
80,70,5
81,71,2
82,72,3
83,73,2
84,74,3
85,75,1
86,76,7
87,77,2
88,78,2
89,79,4
90,80,3
91,81,4
92,82,3
93,83,2
94,84,0
95,85,2
96,86,4
97,87,2
98,88,1
99,89,2
100,90,4
101,91,2
102,92,4
103,93,4
104,94,8
105,95,5
106,96,3
107,97,3
108,98,4
109,99,9
110,100,4
111,101,2
112,102,8
113,103,8
114,104,5
115,105,2
116,106,2
117,107,7
118,108,5
119,109,4
120,110,2
121,111,5
122,112,15
123,113,5
124,114,7
125,115,7
126,116,4
127,117,4
128,118,3
129,119,15
130,120,0
131,121,7
132,122,5
133,123,9
134,124,5
135,125,6
136,126,6
137,127,3
138,128,9
139,129,6
140,130,1
141,131,8
142,132,9
143,133,9
144,134,3
145,135,7
146,136,6
147,137,0
148,138,1
149,139,16
150,140,2
151,141,4
152,142,9
153,143,3
154,144,11
155,145,8
156,146,9
157,147,2
158,148,1
159,149,13
160,150,0
161,151,5
162,152,7
163,153,8
164,154,11
165,155,3
166,156,7
167,157,11
168,158,8
169,159,16
170,160,16
171,161,8
172,162,18
173,163,17
174,164,13
175,165,9
176,166,1
177,167,1
178,168,2
179,169,10
180,170,1
181,171,9
182,172,7
183,173,33
184,174,6
185,175,6
186,176,14
187,177,0
188,178,10
189,179,7
190,180,9
191,181,18
192,182,13
193,183,13
194,184,7
195,185,3
196,186,6
197,187,11
198,188,7
199,189,9
200,190,5
201,191,2
202,192,12
203,193,2
204,194,1
205,195,1
206,196,3
207,197,3
208,198,1
209,199,0
210,200,2
211,201,5
212,202,2
213,203,3
214,204,15
215,205,16
216,206,32
217,207,8
218,208,27
219,209,12
220,210,13
221,211,15
222,212,20
223,213,2
224,214,4
225,215,19
226,216,13
227,217,4
228,218,4
229,219,14
230,220,0
231,221,0
232,222,0
233,223,0
234,224,0
235,225,0
236,226,0
237,227,0
238,228,14
239,229,20
240,230,4
241,231,0
242,232,0
243,233,0
244,234,0
245,235,0
246,236,2
247,237,0
248,238,0
249,239,0
250,240,0
251,241,16
252,242,0
253,243,0
254,244,0
255,245,0
256,246,0
257,247,1
258,248,0
259,249,0
260,250,0
261,251,0
262,252,0
263,253,0
264,254,0
265,255,0
266,256,17
267,257,1
268,258,3
269,259,0
270,260,8
271,261,4
272,262,0
273,263,0
274,264,0
275,265,2
276,266,0
277,267,0
278,268,1
279,269,0
280,270,3
281,271,14
282,272,5
283,273,4
284,274,1
285,275,0
286,276,0
287,277,0
288,278,2
289,279,0
290,280,0
291,281,1
292,282,24
293,283,6
294,284,1
295,285,3
296,286,6
297,287,5
298,288,1
299,289,2
