,seconds,concurrency
0,0,2
1,1,0
2,2,2
3,3,8
4,4,2
5,5,0
6,6,8
7,7,2
8,8,6
9,9,2
10,10,6
11,11,4
12,12,6
13,13,10
14,14,4
15,15,6
16,16,4
17,17,0
18,18,10
19,19,2
20,20,8
21,21,4
22,22,8
23,23,8
24,24,4
25,25,6
26,26,4
27,27,2
28,28,4
29,29,4
30,30,2
31,31,4
32,32,2
33,33,4
34,34,2
35,35,12
36,36,4
37,37,6
38,38,6
39,39,6
40,40,12
41,41,6
42,42,7
43,43,2
44,44,0
45,45,4
46,46,1
47,47,3
48,48,4
49,49,5
50,50,4
51,51,6
52,52,6
53,53,4
54,54,0
55,55,2
56,56,4
57,57,2
58,58,2
59,59,0
60,60,4
61,61,2
62,62,2
63,63,4
64,64,4
65,65,8
66,66,2
67,67,16
68,68,4
69,69,10
70,70,4
71,71,0
72,72,8
73,73,2
74,74,6
75,75,4
76,76,4
77,77,4
78,78,6
79,79,4
80,80,6
81,81,2
82,82,2
83,83,4
84,84,2
85,85,2
86,86,4
87,87,2
88,88,4
89,89,4
90,90,4
91,91,0
92,92,4
93,93,6
94,94,6
95,95,6
96,96,6
97,97,0
98,98,0
99,99,12
100,100,0
101,101,4
102,102,4
103,103,4
104,104,6
105,105,0
106,106,6
107,107,8
108,108,0
109,109,2
110,110,3
111,111,2
112,112,2
113,113,1
114,114,2
115,115,0
116,116,4
117,117,2
118,118,2
119,119,1
120,120,2
121,121,3
122,122,1
123,123,2
124,124,2
125,125,0
126,126,3
127,127,1
128,128,2
129,129,3
130,130,3
131,131,3
132,132,3
133,133,4
134,134,0
135,135,0
136,136,5
137,137,7
138,138,6
139,139,8
140,140,4
141,141,4
142,142,4
143,143,4
144,144,4
145,145,0
146,146,4
147,147,2
148,148,8
149,149,10
150,150,3
151,151,1
152,152,0
153,153,3
154,154,1
155,155,1
156,156,1
157,157,3
158,158,2
159,159,2
160,160,1
161,161,1
162,162,1
163,163,2
164,164,1
165,165,1
166,166,1
167,167,2
168,168,2
169,169,3
170,170,4
171,171,0
172,172,2
173,173,5
174,174,6
175,175,3
176,176,1
177,177,5
178,178,1
179,179,0
180,180,4
181,181,1
182,182,2
183,183,3
184,184,8
185,185,1
186,186,1
187,187,4
188,188,2
189,189,0
190,190,1
191,191,3
192,192,1
193,193,1
194,194,0
195,195,2
196,196,0
197,197,1
198,198,2
199,199,3
200,200,3
201,201,2
202,202,2
203,203,4
204,204,4
205,205,2
206,206,1
207,207,3
208,208,1
209,209,3
210,210,3
211,211,0
212,212,0
213,213,5
214,214,1
215,215,1
216,216,0
217,217,0
218,218,0
219,219,1
220,220,0
221,221,0
222,222,0
223,223,0
224,224,0
225,225,0
226,226,0
227,227,0
228,228,0
229,229,0
230,230,0
231,231,0
232,232,0
233,233,0
234,234,0
235,235,0
236,236,0
237,237,0
238,238,0
239,239,0
240,240,0
241,241,0
242,242,0
243,243,0
244,244,0
245,245,0
246,246,0
247,247,0
248,248,0
249,249,0
250,250,1
251,251,3
252,252,3
253,253,1
254,254,4
255,255,2
256,256,6
257,257,2
258,258,2
259,259,0
260,260,0
261,261,3
262,262,0
263,263,3
264,264,3
265,265,4
266,266,1
267,267,1
268,268,2
269,269,2
270,270,0
271,271,3
272,272,1
273,273,1
274,274,2
275,275,0
276,276,2
277,277,1
278,278,0
279,279,2
280,280,0
281,281,0
282,282,0
283,283,0
284,284,0
285,285,0
286,286,0
287,287,0
288,288,0
289,289,0
290,290,0
291,291,0
292,292,0
293,293,0
294,294,0
295,295,0
296,296,0
297,297,0
298,298,0
299,299,0
