,seconds,concurrency
0,290,58
1,291,59
2,292,60
3,293,55
4,294,54
5,295,56
6,296,56
7,297,63
8,298,57
9,299,62
10,0,8
11,1,9
12,2,9
13,3,7
14,4,9
15,5,6
16,6,9
17,7,7
18,8,8
19,9,7
20,10,8
21,11,7
22,12,9
23,13,8
24,14,8
25,15,10
26,16,9
27,17,10
28,18,9
29,19,9
30,20,10
31,21,10
32,22,10
33,23,9
34,24,9
35,25,11
36,26,10
37,27,9
38,28,10
39,29,10
40,30,8
41,31,8
42,32,6
43,33,8
44,34,7
45,35,6
46,36,7
47,37,8
48,38,1
49,39,8
50,40,6
51,41,8
52,42,7
53,43,7
54,44,7
55,45,8
56,46,7
57,47,8
58,48,8
59,49,8
60,50,8
61,51,8
62,52,7
63,53,6
64,54,6
65,55,7
66,56,7
67,57,6
68,58,6
69,59,7
70,60,7
71,61,8
72,62,7
73,63,7
74,64,13
75,65,13
76,66,17
77,67,18
78,68,14
79,69,16
80,70,16
81,71,18
82,72,16
83,73,18
84,74,15
85,75,19
86,76,18
87,77,18
88,78,17
89,79,18
90,80,18
91,81,17
92,82,17
93,83,18
94,84,18
95,85,16
96,86,19
97,87,17
98,88,17
99,89,18
100,90,17
101,91,17
102,92,18
103,93,17
104,94,14
105,95,17
106,96,19
107,97,21
108,98,18
109,99,19
110,100,16
111,101,16
112,102,21
113,103,24
114,104,26
115,105,16
116,106,25
117,107,25
118,108,27
119,109,27
120,110,27
121,111,28
122,112,25
123,113,24
124,114,27
125,115,26
126,116,26
127,117,26
128,118,21
129,119,26
130,120,29
131,121,27
132,122,25
133,123,27
134,124,30
135,125,28
136,126,28
137,127,29
138,128,26
139,129,30
140,130,30
141,131,27
142,132,28
143,133,28
144,134,29
145,135,31
146,136,31
147,137,30
148,138,28
149,139,30
150,140,28
151,141,22
152,142,25
153,143,29
154,144,29
155,145,31
156,146,30
157,147,30
158,148,30
159,149,26
160,150,27
161,151,26
162,152,30
163,153,29
164,154,28
165,155,32
166,156,28
167,157,31
168,158,25
169,159,27
170,160,28
171,161,26
172,162,28
173,163,27
174,164,28
175,165,29
176,166,29
177,167,27
178,168,29
179,169,29
180,170,29
181,171,28
182,172,28
183,173,29
184,174,30
185,175,27
186,176,29
187,177,25
188,178,27
189,179,28
190,180,27
191,181,28
192,182,29
193,183,28
194,184,29
195,185,29
196,186,31
197,187,28
198,188,29
199,189,28
200,190,28
201,191,28
202,192,29
203,193,28
204,194,29
205,195,32
206,196,29
207,197,27
208,198,24
209,199,29
210,200,29
211,201,29
212,202,31
213,203,32
214,204,32
215,205,29
216,206,28
217,207,33
218,208,31
219,209,31
220,210,30
221,211,30
222,212,35
223,213,32
224,214,36
225,215,29
226,216,35
227,217,33
228,218,35
229,219,40
230,220,36
231,221,38
232,222,38
233,223,37
234,224,37
235,225,46
236,226,48
237,227,48
238,228,51
239,229,50
240,230,51
241,231,55
242,232,55
243,233,11
244,234,21
245,235,53
246,236,57
247,237,58
248,238,54
249,239,60
250,240,55
251,241,57
252,242,53
253,243,57
254,244,49
255,245,59
256,246,54
257,247,62
258,248,69
259,249,49
260,250,50
261,251,48
262,252,48
263,253,38
264,254,58
265,255,62
266,256,59
267,257,58
268,258,62
269,259,59
270,260,59
271,261,58
272,262,56
273,263,58
274,264,55
275,265,57
276,266,52
277,267,59
278,268,59
279,269,61
280,270,55
281,271,59
282,272,58
283,273,59
284,274,60
285,275,60
286,276,57
287,277,57
288,278,55
289,279,55
290,280,52
291,281,47
292,282,53
293,283,47
294,284,44
295,285,55
296,286,59
297,287,58
298,288,56
299,289,60
