,seconds,concurrency
0,0,3
1,1,0
2,2,1
3,3,2
4,4,0
5,5,1
6,6,2
7,7,2
8,8,3
9,9,1
10,10,0
11,11,2
12,12,1
13,13,1
14,14,0
15,15,0
16,16,0
17,17,2
18,18,7
19,19,0
20,20,2
21,21,0
22,22,4
23,23,2
24,24,2
25,25,1
26,26,6
27,27,20
28,28,1
29,29,0
30,30,1
31,31,2
32,32,1
33,33,0
34,34,0
35,35,1
36,36,1
37,37,2
38,38,2
39,39,1
40,40,3
41,41,3
42,42,0
43,43,3
44,44,1
45,45,1
46,46,3
47,47,1
48,48,2
49,49,0
50,50,1
51,51,0
52,52,0
53,53,1
54,54,1
55,55,2
56,56,1
57,57,7
58,58,4
59,59,2
60,60,3
61,61,5
62,62,1
63,63,8
64,64,0
65,65,0
66,66,2
67,67,5
68,68,6
69,69,2
70,70,0
71,71,2
72,72,1
73,73,4
74,74,2
75,75,2
76,76,4
77,77,3
78,78,2
79,79,4
80,80,1
81,81,2
82,82,0
83,83,1
84,84,1
85,85,4
86,86,1
87,87,1
88,88,3
89,89,3
90,90,4
91,91,2
92,92,2
93,93,1
94,94,3
95,95,2
96,96,2
97,97,1
98,98,6
99,99,2
100,100,2
101,101,3
102,102,1
103,103,3
104,104,3
105,105,2
106,106,1
107,107,3
108,108,0
109,109,4
110,110,0
111,111,4
112,112,2
113,113,0
114,114,1
115,115,5
116,116,2
117,117,3
118,118,1
119,119,1
120,120,2
121,121,2
122,122,3
123,123,0
124,124,3
125,125,5
126,126,1
127,127,1
128,128,1
129,129,5
130,130,4
131,131,3
132,132,5
133,133,2
134,134,3
135,135,3
136,136,0
137,137,0
138,138,1
139,139,0
140,140,1
141,141,0
142,142,1
143,143,2
144,144,4
145,145,1
146,146,3
147,147,2
148,148,1
149,149,2
150,150,3
151,151,0
152,152,1
153,153,2
154,154,0
155,155,3
156,156,4
157,157,3
158,158,1
159,159,2
160,160,7
161,161,2
162,162,3
163,163,1
164,164,1
165,165,1
166,166,3
167,167,5
168,168,1
169,169,3
170,170,2
171,171,0
172,172,2
173,173,1
174,174,2
175,175,5
176,176,1
177,177,3
178,178,1
179,179,2
180,180,2
181,181,1
182,182,1
183,183,0
184,184,3
185,185,2
186,186,1
187,187,3
188,188,7
189,189,1
190,190,0
191,191,4
192,192,2
193,193,3
194,194,1
195,195,2
196,196,2
197,197,1
198,198,2
199,199,1
200,200,3
201,201,1
202,202,2
203,203,2
204,204,0
205,205,0
206,206,2
207,207,1
208,208,1
209,209,2
210,210,0
211,211,4
212,212,3
213,213,3
214,214,3
215,215,2
216,216,0
217,217,0
218,218,0
219,219,9
220,220,1
221,221,3
222,222,0
223,223,1
224,224,1
225,225,5
226,226,0
227,227,0
228,228,0
229,229,6
230,230,2
231,231,4
232,232,1
233,233,1
234,234,0
235,235,5
236,236,1
237,237,2
238,238,1
239,239,3
240,240,3
241,241,3
242,242,3
243,243,0
244,244,1
245,245,1
246,246,2
247,247,0
248,248,4
249,249,2
250,250,2
251,251,3
252,252,1
253,253,4
254,254,2
255,255,1
256,256,2
257,257,2
258,258,1
259,259,0
260,260,2
261,261,2
262,262,4
263,263,3
264,264,1
265,265,0
266,266,2
267,267,2
268,268,0
269,269,2
270,270,3
271,271,2
272,272,1
273,273,2
274,274,0
275,275,0
276,276,0
277,277,6
278,278,1
279,279,1
280,280,1
281,281,2
282,282,2
283,283,4
284,284,4
285,285,2
286,286,4
287,287,2
288,288,1
289,289,1
290,290,0
291,291,0
292,292,1
293,293,2
294,294,2
295,295,2
296,296,0
297,297,3
298,298,3
299,299,2
