,seconds,concurrency
0,290,2
1,291,11
2,292,7
3,293,26
4,294,2
5,295,2
6,296,2
7,297,4
8,298,2
9,299,16
10,0,6
11,1,20
12,2,16
13,3,26
14,4,12
15,5,36
16,6,28
17,7,29
18,8,46
19,9,21
20,10,12
21,11,34
22,12,8
23,13,6
24,14,0
25,15,6
26,16,8
27,17,6
28,18,4
29,19,24
30,20,6
31,21,0
32,22,28
33,23,15
34,24,19
35,25,34
36,26,20
37,27,32
38,28,12
39,29,10
40,30,0
41,31,0
42,32,2
43,33,1
44,34,9
45,35,11
46,36,45
47,37,13
48,38,0
49,39,13
50,40,34
51,41,18
52,42,36
53,43,17
54,44,33
55,45,59
56,46,106
57,47,7
58,48,3
59,49,28
60,50,12
61,51,27
62,52,5
63,53,12
64,54,4
65,55,6
66,56,3
67,57,3
68,58,2
69,59,4
70,60,4
71,61,4
72,62,8
73,63,2
74,64,6
75,65,2
76,66,2
77,67,6
78,68,4
79,69,2
80,70,0
81,71,0
82,72,6
83,73,8
84,74,2
85,75,4
86,76,6
87,77,0
88,78,10
89,79,6
90,80,6
91,81,2
92,82,0
93,83,0
94,84,0
95,85,0
96,86,0
97,87,0
98,88,4
99,89,2
100,90,2
101,91,28
102,92,4
103,93,0
104,94,8
105,95,14
106,96,2
107,97,4
108,98,4
109,99,3
110,100,5
111,101,20
112,102,4
113,103,4
114,104,4
115,105,4
116,106,4
117,107,2
118,108,14
119,109,0
120,110,0
121,111,14
122,112,8
123,113,2
124,114,8
125,115,8
126,116,2
127,117,6
128,118,14
129,119,22
130,120,11
131,121,23
132,122,14
133,123,18
134,124,18
135,125,26
136,126,12
137,127,4
138,128,6
139,129,10
140,130,6
141,131,2
142,132,6
143,133,4
144,134,6
145,135,20
146,136,26
147,137,42
148,138,10
149,139,43
150,140,47
151,141,31
152,142,13
153,143,6
154,144,24
155,145,12
156,146,10
157,147,4
158,148,12
159,149,10
160,150,10
161,151,0
162,152,9
163,153,11
164,154,14
165,155,10
166,156,10
167,157,4
168,158,24
169,159,68
170,160,44
171,161,14
172,162,28
173,163,28
174,164,50
175,165,14
176,166,14
177,167,10
178,168,18
179,169,10
180,170,18
181,171,16
182,172,82
183,173,40
184,174,16
185,175,18
186,176,24
187,177,8
188,178,12
189,179,12
190,180,24
191,181,20
192,182,16
193,183,4
194,184,30
195,185,4
196,186,6
197,187,8
198,188,6
199,189,8
200,190,8
201,191,18
202,192,2
203,193,4
204,194,8
205,195,8
206,196,10
207,197,10
208,198,6
209,199,24
210,200,18
211,201,16
212,202,6
213,203,8
214,204,8
215,205,10
216,206,6
217,207,6
218,208,8
219,209,2
220,210,0
221,211,2
222,212,0
223,213,8
224,214,4
225,215,4
226,216,4
227,217,0
228,218,2
229,219,0
230,220,0
231,221,4
232,222,10
233,223,6
234,224,4
235,225,0
236,226,4
237,227,2
238,228,2
239,229,6
240,230,2
241,231,0
242,232,0
243,233,0
244,234,4
245,235,2
246,236,8
247,237,2
248,238,2
249,239,10
250,240,12
251,241,16
252,242,0
253,243,0
254,244,6
255,245,10
256,246,0
257,247,4
258,248,0
259,249,0
260,250,0
261,251,0
262,252,0
263,253,0
264,254,0
265,255,2
266,256,0
267,257,6
268,258,16
269,259,2
270,260,8
271,261,2
272,262,0
273,263,2
274,264,2
275,265,0
276,266,0
277,267,10
278,268,16
279,269,22
280,270,28
281,271,32
282,272,19
283,273,59
284,274,24
285,275,4
286,276,6
287,277,16
288,278,12
289,279,4
290,280,4
291,281,6
292,282,8
293,283,0
294,284,8
295,285,0
296,286,18
297,287,6
298,288,4
299,289,14
