,seconds,concurrency
0,0,0
1,1,7
2,2,0
3,3,0
4,4,6
5,5,0
6,6,0
7,7,7
8,8,0
9,9,0
10,10,4
11,11,0
12,12,0
13,13,15
14,14,0
15,15,0
16,16,0
17,17,0
18,18,11
19,19,9
20,20,0
21,21,0
22,22,7
23,23,9
24,24,0
25,25,0
26,26,0
27,27,0
28,28,8
29,29,7
30,30,0
31,31,0
32,32,9
33,33,12
34,34,0
35,35,0
36,36,0
37,37,4
38,38,4
39,39,7
40,40,0
41,41,0
42,42,0
43,43,5
44,44,1
45,45,0
46,46,5
47,47,0
48,48,0
49,49,0
50,50,5
51,51,10
52,52,0
53,53,0
54,54,0
55,55,0
56,56,7
57,57,0
58,58,0
59,59,0
60,60,5
61,61,0
62,62,0
63,63,6
64,64,8
65,65,6
66,66,0
67,67,5
68,68,0
69,69,0
70,70,0
71,71,0
72,72,13
73,73,0
74,74,0
75,75,8
76,76,0
77,77,17
78,78,0
79,79,0
80,80,0
81,81,8
82,82,9
83,83,0
84,84,0
85,85,17
86,86,0
87,87,7
88,88,0
89,89,0
90,90,6
91,91,0
92,92,5
93,93,0
94,94,10
95,95,0
96,96,6
97,97,5
98,98,0
99,99,0
100,100,0
101,101,7
102,102,4
103,103,9
104,104,0
105,105,0
106,106,8
107,107,0
108,108,8
109,109,0
110,110,6
111,111,0
112,112,0
113,113,0
114,114,10
115,115,0
116,116,0
117,117,8
118,118,0
119,119,10
120,120,0
121,121,0
122,122,6
123,123,0
124,124,0
125,125,0
126,126,14
127,127,6
128,128,4
129,129,0
130,130,0
131,131,6
132,132,0
133,133,0
134,134,0
135,135,0
136,136,7
137,137,5
138,138,4
139,139,7
140,140,0
141,141,3
142,142,0
143,143,0
144,144,0
145,145,0
146,146,6
147,147,8
148,148,6
149,149,6
150,150,0
151,151,6
152,152,0
153,153,0
154,154,0
155,155,0
156,156,0
157,157,12
158,158,0
159,159,6
160,160,9
161,161,0
162,162,10
163,163,0
164,164,0
165,165,0
166,166,0
167,167,0
168,168,12
169,169,0
170,170,6
171,171,23
172,172,0
173,173,0
174,174,0
175,175,0
176,176,0
177,177,0
178,178,0
179,179,0
180,180,6
181,181,2
182,182,1
183,183,3
184,184,5
185,185,0
186,186,0
187,187,1
188,188,2
189,189,7
190,190,14
191,191,14
192,192,0
193,193,0
194,194,1
195,195,0
196,196,12
197,197,0
198,198,0
199,199,19
200,200,0
201,201,0
202,202,0
203,203,0
204,204,9
205,205,13
206,206,8
207,207,0
208,208,10
209,209,0
210,210,0
211,211,0
212,212,0
213,213,10
214,214,21
215,215,0
216,216,5
217,217,6
218,218,0
219,219,0
220,220,9
221,221,7
222,222,0
223,223,8
224,224,0
225,225,0
226,226,10
227,227,2
228,228,0
229,229,14
230,230,0
231,231,16
232,232,0
233,233,7
234,234,0
235,235,0
236,236,9
237,237,0
238,238,9
239,239,0
240,240,6
241,241,0
242,242,10
243,243,0
244,244,9
245,245,20
246,246,0
247,247,0
248,248,0
249,249,12
250,250,11
251,251,19
252,252,0
253,253,0
254,254,0
255,255,6
256,256,0
257,257,9
258,258,2
259,259,21
260,260,6
261,261,0
262,262,0
263,263,0
264,264,0
265,265,8
266,266,17
267,267,7
268,268,7
269,269,0
270,270,0
271,271,0
272,272,0
273,273,0
274,274,0
275,275,19
276,276,16
277,277,0
278,278,0
279,279,6
280,280,0
281,281,0
282,282,0
283,283,9
284,284,28
285,285,0
286,286,0
287,287,0
288,288,11
289,289,0
290,290,7
291,291,0
292,292,20
293,293,7
294,294,0
295,295,5
296,296,0
297,297,0
298,298,9
299,299,0
