,seconds,concurrency
0,0,17
1,1,0
2,2,0
3,3,0
4,4,30
5,5,13
6,6,7
7,7,18
8,8,4
9,9,0
10,10,23
11,11,20
12,12,13
13,13,4
14,14,0
15,15,0
16,16,0
17,17,0
18,18,0
19,19,0
20,20,0
21,21,14
22,22,46
23,23,28
24,24,20
25,25,29
26,26,3
27,27,12
28,28,9
29,29,39
30,30,20
31,31,11
32,32,21
33,33,14
34,34,14
35,35,2
36,36,31
37,37,19
38,38,38
39,39,32
40,40,9
41,41,9
42,42,0
43,43,0
44,44,0
45,45,0
46,46,33
47,47,25
48,48,8
49,49,3
50,50,20
51,51,16
52,52,17
53,53,5
54,54,5
55,55,0
56,56,29
57,57,25
58,58,19
59,59,22
60,60,20
61,61,7
62,62,6
63,63,7
64,64,25
65,65,23
66,66,6
67,67,0
68,68,0
69,69,34
70,70,17
71,71,30
72,72,9
73,73,0
74,74,0
75,75,6
76,76,44
77,77,35
78,78,22
79,79,17
80,80,18
81,81,19
82,82,0
83,83,20
84,84,19
85,85,0
86,86,25
87,87,0
88,88,26
89,89,16
90,90,7
91,91,25
92,92,0
93,93,8
94,94,0
95,95,0
96,96,0
97,97,6
98,98,41
99,99,40
100,100,22
101,101,27
102,102,11
103,103,0
104,104,8
105,105,1
106,106,0
107,107,0
108,108,31
109,109,36
110,110,0
111,111,0
112,112,17
113,113,44
114,114,27
115,115,0
116,116,0
117,117,12
118,118,11
119,119,23
120,120,0
121,121,17
122,122,15
123,123,38
124,124,11
125,125,35
126,126,0
127,127,0
128,128,0
129,129,0
130,130,0
131,131,0
132,132,0
133,133,14
134,134,40
135,135,54
136,136,23
137,137,5
138,138,3
139,139,9
140,140,10
141,141,4
142,142,18
143,143,27
144,144,37
145,145,4
146,146,4
147,147,18
148,148,14
149,149,11
150,150,28
151,151,9
152,152,8
153,153,0
154,154,10
155,155,0
156,156,8
157,157,9
158,158,32
159,159,0
160,160,0
161,161,0
162,162,0
163,163,0
164,164,0
165,165,18
166,166,13
167,167,20
168,168,20
169,169,9
170,170,20
171,171,10
172,172,0
173,173,0
174,174,9
175,175,10
176,176,18
177,177,14
178,178,21
179,179,16
180,180,11
181,181,0
182,182,27
183,183,28
184,184,29
185,185,0
186,186,0
187,187,0
188,188,11
189,189,25
190,190,37
191,191,34
192,192,0
193,193,12
194,194,8
195,195,24
196,196,9
197,197,0
198,198,10
199,199,0
200,200,12
201,201,19
202,202,20
203,203,32
204,204,8
205,205,0
206,206,22
207,207,0
208,208,5
209,209,18
210,210,12
211,211,12
212,212,5
213,213,27
214,214,30
215,215,30
216,216,15
217,217,0
218,218,6
219,219,18
220,220,11
221,221,0
222,222,17
223,223,7
224,224,12
225,225,0
226,226,42
227,227,11
228,228,25
229,229,27
230,230,25
231,231,0
232,232,0
233,233,15
234,234,17
235,235,20
236,236,38
237,237,18
238,238,7
239,239,25
240,240,5
241,241,0
242,242,0
243,243,14
244,244,31
245,245,20
246,246,35
247,247,13
248,248,0
249,249,9
250,250,11
251,251,20
252,252,0
253,253,24
254,254,38
255,255,24
256,256,26
257,257,0
258,258,0
259,259,19
260,260,0
261,261,7
262,262,1
263,263,33
264,264,31
265,265,26
266,266,31
267,267,0
268,268,19
269,269,0
270,270,0
271,271,0
272,272,33
273,273,21
274,274,41
275,275,31
276,276,19
277,277,0
278,278,10
279,279,9
280,280,0
281,281,0
282,282,9
283,283,1
284,284,0
285,285,20
286,286,32
287,287,39
288,288,25
289,289,12
290,290,8
291,291,0
292,292,21
293,293,10
294,294,8
295,295,0
296,296,0
297,297,0
298,298,0
299,299,0
