,seconds,concurrency
0,290,10
1,291,9
2,292,4
3,293,28
4,294,3
5,295,19
6,296,11
7,297,6
8,298,11
9,299,10
10,0,6
11,1,8
12,2,8
13,3,4
14,4,8
15,5,10
16,6,4
17,7,8
18,8,8
19,9,6
20,10,14
21,11,6
22,12,16
23,13,10
24,14,8
25,15,6
26,16,6
27,17,2
28,18,0
29,19,8
30,20,0
31,21,4
32,22,18
33,23,8
34,24,12
35,25,6
36,26,8
37,27,6
38,28,16
39,29,8
40,30,14
41,31,14
42,32,4
43,33,6
44,34,8
45,35,16
46,36,20
47,37,12
48,38,0
49,39,2
50,40,0
51,41,2
52,42,44
53,43,0
54,44,0
55,45,0
56,46,0
57,47,4
58,48,2
59,49,0
60,50,0
61,51,0
62,52,2
63,53,0
64,54,0
65,55,0
66,56,4
67,57,44
68,58,22
69,59,4
70,60,0
71,61,0
72,62,0
73,63,0
74,64,16
75,65,12
76,66,22
77,67,12
78,68,18
79,69,20
80,70,16
81,71,10
82,72,4
83,73,4
84,74,8
85,75,2
86,76,10
87,77,4
88,78,0
89,79,0
90,80,0
91,81,0
92,82,0
93,83,0
94,84,0
95,85,2
96,86,16
97,87,6
98,88,4
99,89,6
100,90,4
101,91,12
102,92,8
103,93,12
104,94,8
105,95,6
106,96,4
107,97,2
108,98,2
109,99,2
110,100,4
111,101,0
112,102,2
113,103,8
114,104,8
115,105,2
116,106,0
117,107,4
118,108,4
119,109,2
120,110,0
121,111,4
122,112,0
123,113,4
124,114,2
125,115,6
126,116,6
127,117,2
128,118,0
129,119,4
130,120,34
131,121,42
132,122,4
133,123,40
134,124,27
135,125,31
136,126,4
137,127,38
138,128,8
139,129,10
140,130,14
141,131,14
142,132,4
143,133,8
144,134,6
145,135,8
146,136,4
147,137,6
148,138,2
149,139,2
150,140,6
151,141,6
152,142,4
153,143,18
154,144,34
155,145,34
156,146,24
157,147,2
158,148,8
159,149,30
160,150,2
161,151,4
162,152,2
163,153,2
164,154,2
165,155,2
166,156,6
167,157,4
168,158,14
169,159,30
170,160,2
171,161,10
172,162,1
173,163,3
174,164,4
175,165,2
176,166,0
177,167,2
178,168,2
179,169,8
180,170,2
181,171,8
182,172,4
183,173,2
184,174,1
185,175,27
186,176,56
187,177,54
188,178,62
189,179,32
190,180,38
191,181,6
192,182,8
193,183,2
194,184,2
195,185,2
196,186,2
197,187,2
198,188,2
199,189,4
200,190,0
201,191,2
202,192,0
203,193,2
204,194,28
205,195,16
206,196,46
207,197,20
208,198,8
209,199,16
210,200,14
211,201,14
212,202,6
213,203,4
214,204,8
215,205,12
216,206,4
217,207,2
218,208,4
219,209,6
220,210,2
221,211,2
222,212,4
223,213,0
224,214,0
225,215,0
226,216,0
227,217,0
228,218,0
229,219,2
230,220,4
231,221,8
232,222,10
233,223,6
234,224,2
235,225,4
236,226,2
237,227,2
238,228,0
239,229,20
240,230,0
241,231,0
242,232,0
243,233,16
244,234,25
245,235,49
246,236,26
247,237,20
248,238,26
249,239,6
250,240,4
251,241,2
252,242,10
253,243,12
254,244,10
255,245,14
256,246,14
257,247,6
258,248,4
259,249,2
260,250,0
261,251,0
262,252,2
263,253,4
264,254,6
265,255,12
266,256,5
267,257,9
268,258,8
269,259,10
270,260,6
271,261,2
272,262,6
273,263,4
274,264,10
275,265,2
276,266,6
277,267,4
278,268,14
279,269,22
280,270,22
281,271,18
282,272,24
283,273,16
284,274,24
285,275,6
286,276,32
287,277,4
288,278,12
289,279,7
290,280,10
291,281,8
292,282,2
293,283,6
294,284,1
295,285,0
296,286,4
297,287,6
298,288,18
299,289,13
