,seconds,concurrency
0,0,5
1,1,2
2,2,4
3,3,2
4,4,2
5,5,1
6,6,2
7,7,3
8,8,1
9,9,2
10,10,3
11,11,1
12,12,6
13,13,3
14,14,2
15,15,4
16,16,2
17,17,1
18,18,6
19,19,3
20,20,4
21,21,2
22,22,1
23,23,2
24,24,1
25,25,3
26,26,5
27,27,0
28,28,3
29,29,0
30,30,4
31,31,0
32,32,3
33,33,2
34,34,0
35,35,0
36,36,0
37,37,11
38,38,1
39,39,2
40,40,2
41,41,1
42,42,3
43,43,2
44,44,2
45,45,1
46,46,6
47,47,3
48,48,0
49,49,0
50,50,2
51,51,1
52,52,0
53,53,1
54,54,3
55,55,1
56,56,1
57,57,1
58,58,1
59,59,2
60,60,8
61,61,3
62,62,2
63,63,2
64,64,2
65,65,1
66,66,1
67,67,0
68,68,3
69,69,2
70,70,3
71,71,3
72,72,0
73,73,5
74,74,6
75,75,1
76,76,1
77,77,4
78,78,2
79,79,5
80,80,2
81,81,2
82,82,3
83,83,2
84,84,5
85,85,2
86,86,4
87,87,2
88,88,5
89,89,1
90,90,2
91,91,1
92,92,3
93,93,1
94,94,1
95,95,5
96,96,4
97,97,6
98,98,1
99,99,2
100,100,0
101,101,2
102,102,0
103,103,0
104,104,4
105,105,0
106,106,4
107,107,5
108,108,0
109,109,1
110,110,3
111,111,2
112,112,7
113,113,4
114,114,2
115,115,4
116,116,2
117,117,0
118,118,4
119,119,0
120,120,1
121,121,2
122,122,4
123,123,2
124,124,3
125,125,6
126,126,2
127,127,1
128,128,2
129,129,1
130,130,7
131,131,1
132,132,5
133,133,1
134,134,4
135,135,1
136,136,4
137,137,3
138,138,5
139,139,2
140,140,2
141,141,5
142,142,3
143,143,0
144,144,4
145,145,4
146,146,2
147,147,3
148,148,4
149,149,3
150,150,3
151,151,4
152,152,0
153,153,3
154,154,1
155,155,3
156,156,5
157,157,8
158,158,1
159,159,3
160,160,1
161,161,8
162,162,5
163,163,5
164,164,0
165,165,2
166,166,2
167,167,2
168,168,4
169,169,1
170,170,2
171,171,4
172,172,3
173,173,6
174,174,7
175,175,2
176,176,11
177,177,4
178,178,6
179,179,2
180,180,3
181,181,3
182,182,1
183,183,4
184,184,4
185,185,3
186,186,3
187,187,1
188,188,3
189,189,1
190,190,11
191,191,1
192,192,8
193,193,2
194,194,2
195,195,12
196,196,5
197,197,3
198,198,3
199,199,1
200,200,12
201,201,7
202,202,2
203,203,6
204,204,6
205,205,8
206,206,6
207,207,3
208,208,4
209,209,5
210,210,8
211,211,4
212,212,3
213,213,3
214,214,2
215,215,2
216,216,4
217,217,4
218,218,2
219,219,1
220,220,4
221,221,5
222,222,11
223,223,2
224,224,2
225,225,2
226,226,7
227,227,2
228,228,8
229,229,2
230,230,13
231,231,2
232,232,3
233,233,2
234,234,1
235,235,1
236,236,2
237,237,0
238,238,4
239,239,3
240,240,0
241,241,4
242,242,0
243,243,2
244,244,2
245,245,5
246,246,1
247,247,1
248,248,3
249,249,2
250,250,2
251,251,0
252,252,5
253,253,3
254,254,3
255,255,4
256,256,6
257,257,5
258,258,6
259,259,6
260,260,2
261,261,10
262,262,1
263,263,2
264,264,0
265,265,6
266,266,4
267,267,5
268,268,3
269,269,3
270,270,1
271,271,4
272,272,3
273,273,6
274,274,7
275,275,2
276,276,6
277,277,8
278,278,4
279,279,13
280,280,1
281,281,2
282,282,4
283,283,1
284,284,5
285,285,5
286,286,4
287,287,3
288,288,9
289,289,5
290,290,0
291,291,3
292,292,3
293,293,5
294,294,2
295,295,1
296,296,1
297,297,5
298,298,2
299,299,5
