,seconds,concurrency
0,0,1
1,1,0
2,2,0
3,3,1
4,4,0
5,5,0
6,6,1
7,7,2
8,8,0
9,9,2
10,10,1
11,11,0
12,12,0
13,13,0
14,14,1
15,15,0
16,16,0
17,17,0
18,18,1
19,19,1
20,20,1
21,21,0
22,22,7
23,23,0
24,24,4
25,25,0
26,26,5
27,27,1
28,28,1
29,29,0
30,30,0
31,31,2
32,32,0
33,33,0
34,34,2
35,35,3
36,36,2
37,37,0
38,38,0
39,39,1
40,40,2
41,41,2
42,42,0
43,43,0
44,44,0
45,45,0
46,46,0
47,47,2
48,48,0
49,49,1
50,50,0
51,51,0
52,52,0
53,53,0
54,54,1
55,55,1
56,56,0
57,57,3
58,58,0
59,59,3
60,60,0
61,61,0
62,62,0
63,63,5
64,64,2
65,65,3
66,66,0
67,67,0
68,68,0
69,69,0
70,70,0
71,71,1
72,72,1
73,73,0
74,74,2
75,75,0
76,76,1
77,77,2
78,78,1
79,79,3
80,80,0
81,81,2
82,82,0
83,83,0
84,84,1
85,85,2
86,86,3
87,87,3
88,88,0
89,89,0
90,90,2
91,91,1
92,92,0
93,93,2
94,94,0
95,95,1
96,96,0
97,97,0
98,98,0
99,99,0
100,100,0
101,101,0
102,102,0
103,103,1
104,104,0
105,105,0
106,106,0
107,107,0
108,108,1
109,109,0
110,110,0
111,111,1
112,112,0
113,113,1
114,114,0
115,115,1
116,116,0
117,117,2
118,118,3
119,119,2
120,120,2
121,121,0
122,122,1
123,123,1
124,124,0
125,125,1
126,126,0
127,127,0
128,128,0
129,129,0
130,130,1
131,131,4
132,132,1
133,133,0
134,134,0
135,135,0
136,136,1
137,137,0
138,138,0
139,139,0
140,140,0
141,141,1
142,142,1
143,143,2
144,144,0
145,145,1
146,146,0
147,147,0
148,148,0
149,149,0
150,150,1
151,151,2
152,152,0
153,153,2
154,154,1
155,155,1
156,156,0
157,157,2
158,158,0
159,159,0
160,160,2
161,161,1
162,162,0
163,163,3
164,164,1
165,165,0
166,166,0
167,167,0
168,168,0
169,169,0
170,170,2
171,171,0
172,172,2
173,173,0
174,174,0
175,175,0
176,176,0
177,177,0
178,178,2
179,179,0
180,180,0
181,181,0
182,182,2
183,183,0
184,184,3
185,185,0
186,186,2
187,187,4
188,188,1
189,189,2
190,190,0
191,191,0
192,192,0
193,193,0
194,194,0
195,195,0
196,196,0
197,197,2
198,198,1
199,199,0
200,200,0
201,201,1
202,202,0
203,203,0
204,204,1
205,205,1
206,206,1
207,207,0
208,208,0
209,209,1
210,210,0
211,211,1
212,212,0
213,213,2
214,214,0
215,215,3
216,216,0
217,217,0
218,218,0
219,219,3
220,220,0
221,221,0
222,222,2
223,223,0
224,224,1
225,225,0
226,226,0
227,227,1
228,228,2
229,229,1
230,230,1
231,231,1
232,232,0
233,233,1
234,234,0
235,235,0
236,236,1
237,237,0
238,238,1
239,239,0
240,240,3
241,241,0
242,242,0
243,243,1
244,244,0
245,245,0
246,246,0
247,247,1
248,248,0
249,249,1
250,250,0
251,251,1
252,252,3
253,253,0
254,254,1
255,255,0
256,256,0
257,257,2
258,258,1
259,259,0
260,260,1
261,261,0
262,262,1
263,263,0
264,264,0
265,265,0
266,266,1
267,267,0
268,268,1
269,269,0
270,270,1
271,271,2
272,272,0
273,273,0
274,274,1
275,275,1
276,276,2
277,277,4
278,278,0
279,279,2
280,280,0
281,281,2
282,282,0
283,283,2
284,284,1
285,285,0
286,286,0
287,287,3
288,288,2
289,289,3
290,290,0
291,291,0
292,292,1
293,293,0
294,294,0
295,295,0
296,296,4
297,297,0
298,298,0
299,299,0
