,seconds,concurrency
0,290,0
1,291,0
2,292,0
3,293,0
4,294,0
5,295,0
6,296,0
7,297,0
8,298,0
9,299,1
10,0,14
11,1,12
12,2,15
13,3,12
14,4,10
15,5,9
16,6,10
17,7,5
18,8,15
19,9,7
20,10,10
21,11,8
22,12,11
23,13,15
24,14,13
25,15,13
26,16,7
27,17,10
28,18,14
29,19,9
30,20,10
31,21,4
32,22,11
33,23,12
34,24,17
35,25,11
36,26,9
37,27,12
38,28,11
39,29,11
40,30,3
41,31,12
42,32,9
43,33,7
44,34,6
45,35,10
46,36,7
47,37,12
48,38,4
49,39,14
50,40,7
51,41,6
52,42,6
53,43,9
54,44,8
55,45,12
56,46,7
57,47,10
58,48,7
59,49,9
60,50,5
61,51,14
62,52,9
63,53,8
64,54,5
65,55,4
66,56,7
67,57,6
68,58,8
69,59,8
70,60,10
71,61,7
72,62,9
73,63,7
74,64,9
75,65,5
76,66,3
77,67,1
78,68,8
79,69,6
80,70,10
81,71,6
82,72,11
83,73,6
84,74,6
85,75,4
86,76,9
87,77,18
88,78,17
89,79,9
90,80,9
91,81,6
92,82,10
93,83,7
94,84,7
95,85,8
96,86,7
97,87,6
98,88,3
99,89,11
100,90,7
101,91,5
102,92,6
103,93,13
104,94,8
105,95,7
106,96,4
107,97,13
108,98,14
109,99,8
110,100,7
111,101,4
112,102,7
113,103,9
114,104,15
115,105,4
116,106,8
117,107,13
118,108,8
119,109,7
120,110,5
121,111,5
122,112,6
123,113,7
124,114,3
125,115,4
126,116,7
127,117,7
128,118,5
129,119,6
130,120,4
131,121,4
132,122,8
133,123,7
134,124,5
135,125,2
136,126,7
137,127,4
138,128,5
139,129,5
140,130,13
141,131,15
142,132,9
143,133,9
144,134,6
145,135,7
146,136,7
147,137,8
148,138,3
149,139,4
150,140,6
151,141,5
152,142,6
153,143,5
154,144,7
155,145,10
156,146,5
157,147,5
158,148,4
159,149,4
160,150,3
161,151,7
162,152,6
163,153,3
164,154,8
165,155,17
166,156,13
167,157,13
168,158,8
169,159,10
170,160,7
171,161,3
172,162,8
173,163,8
174,164,6
175,165,8
176,166,5
177,167,6
178,168,8
179,169,5
180,170,10
181,171,8
182,172,7
183,173,9
184,174,7
185,175,4
186,176,10
187,177,8
188,178,4
189,179,8
190,180,7
191,181,9
192,182,10
193,183,9
194,184,7
195,185,9
196,186,5
197,187,7
198,188,6
199,189,3
200,190,14
201,191,4
202,192,5
203,193,5
204,194,5
205,195,7
206,196,8
207,197,8
208,198,11
209,199,6
210,200,7
211,201,5
212,202,9
213,203,9
214,204,3
215,205,5
216,206,7
217,207,4
218,208,3
219,209,5
220,210,5
221,211,4
222,212,7
223,213,6
224,214,8
225,215,0
226,216,0
227,217,3
228,218,28
229,219,11
230,220,8
231,221,7
232,222,5
233,223,13
234,224,7
235,225,3
236,226,12
237,227,3
238,228,16
239,229,12
240,230,8
241,231,7
242,232,11
243,233,16
244,234,4
245,235,11
246,236,9
247,237,6
248,238,11
249,239,8
250,240,11
251,241,10
252,242,6
253,243,4
254,244,6
255,245,9
256,246,11
257,247,6
258,248,5
259,249,6
260,250,2
261,251,4
262,252,5
263,253,5
264,254,4
265,255,7
266,256,0
267,257,0
268,258,0
269,259,0
270,260,0
271,261,0
272,262,0
273,263,0
274,264,0
275,265,0
276,266,0
277,267,0
278,268,0
279,269,0
280,270,0
281,271,0
282,272,0
283,273,0
284,274,0
285,275,0
286,276,0
287,277,0
288,278,0
289,279,0
290,280,0
291,281,0
292,282,0
293,283,0
294,284,0
295,285,0
296,286,0
297,287,0
298,288,0
299,289,0
