,seconds,concurrency
0,290,1
1,291,1
2,292,0
3,293,0
4,294,0
5,295,0
6,296,0
7,297,0
8,298,2
9,299,1
10,0,1
11,1,2
12,2,2
13,3,2
14,4,0
15,5,0
16,6,0
17,7,0
18,8,0
19,9,2
20,10,1
21,11,1
22,12,1
23,13,0
24,14,4
25,15,1
26,16,0
27,17,0
28,18,0
29,19,0
30,20,0
31,21,0
32,22,0
33,23,0
34,24,0
35,25,0
36,26,0
37,27,0
38,28,0
39,29,0
40,30,0
41,31,0
42,32,0
43,33,0
44,34,0
45,35,0
46,36,0
47,37,0
48,38,1
49,39,0
50,40,4
51,41,0
52,42,1
53,43,1
54,44,0
55,45,2
56,46,0
57,47,0
58,48,0
59,49,0
60,50,0
61,51,0
62,52,1
63,53,0
64,54,0
65,55,1
66,56,1
67,57,0
68,58,0
69,59,0
70,60,0
71,61,0
72,62,0
73,63,1
74,64,0
75,65,1
76,66,1
77,67,0
78,68,0
79,69,1
80,70,0
81,71,2
82,72,2
83,73,2
84,74,1
85,75,0
86,76,0
87,77,0
88,78,0
89,79,0
90,80,0
91,81,0
92,82,0
93,83,2
94,84,0
95,85,0
96,86,1
97,87,2
98,88,0
99,89,1
100,90,1
101,91,0
102,92,0
103,93,0
104,94,0
105,95,0
106,96,0
107,97,0
108,98,2
109,99,1
110,100,0
111,101,1
112,102,1
113,103,0
114,104,0
115,105,0
116,106,1
117,107,0
118,108,0
119,109,0
120,110,0
121,111,0
122,112,0
123,113,0
124,114,0
125,115,0
126,116,0
127,117,1
128,118,1
129,119,0
130,120,0
131,121,0
132,122,2
133,123,2
134,124,1
135,125,1
136,126,0
137,127,0
138,128,0
139,129,0
140,130,0
141,131,0
142,132,0
143,133,1
144,134,2
145,135,1
146,136,1
147,137,3
148,138,1
149,139,0
150,140,0
151,141,0
152,142,2
153,143,1
154,144,0
155,145,0
156,146,0
157,147,0
158,148,0
159,149,0
160,150,0
161,151,0
162,152,0
163,153,3
164,154,1
165,155,1
166,156,1
167,157,0
168,158,6
169,159,0
170,160,0
171,161,0
172,162,0
173,163,0
174,164,0
175,165,0
176,166,0
177,167,0
178,168,1
179,169,0
180,170,0
181,171,0
182,172,0
183,173,1
184,174,0
185,175,0
186,176,0
187,177,2
188,178,2
189,179,0
190,180,0
191,181,2
192,182,1
193,183,7
194,184,1
195,185,0
196,186,0
197,187,0
198,188,0
199,189,0
200,190,0
201,191,0
202,192,0
203,193,1
204,194,0
205,195,1
206,196,0
207,197,0
208,198,0
209,199,0
210,200,0
211,201,0
212,202,0
213,203,0
214,204,0
215,205,2
216,206,0
217,207,1
218,208,0
219,209,2
220,210,1
221,211,0
222,212,1
223,213,0
224,214,1
225,215,0
226,216,0
227,217,0
228,218,1
229,219,0
230,220,0
231,221,2
232,222,1
233,223,0
234,224,0
235,225,2
236,226,0
237,227,0
238,228,0
239,229,0
240,230,0
241,231,0
242,232,0
243,233,0
244,234,0
245,235,3
246,236,1
247,237,0
248,238,2
249,239,1
250,240,0
251,241,1
252,242,0
253,243,2
254,244,1
255,245,0
256,246,0
257,247,0
258,248,0
259,249,0
260,250,0
261,251,0
262,252,0
263,253,2
264,254,2
265,255,4
266,256,1
267,257,0
268,258,2
269,259,3
270,260,3
271,261,2
272,262,0
273,263,0
274,264,0
275,265,0
276,266,0
277,267,0
278,268,0
279,269,1
280,270,4
281,271,0
282,272,1
283,273,2
284,274,2
285,275,2
286,276,4
287,277,0
288,278,0
289,279,0
290,280,0
291,281,0
292,282,0
293,283,0
294,284,0
295,285,1
296,286,0
297,287,0
298,288,0
299,289,1
