,seconds,concurrency
0,0,0
1,1,0
2,2,0
3,3,0
4,4,0
5,5,0
6,6,0
7,7,0
8,8,0
9,9,0
10,10,0
11,11,0
12,12,0
13,13,0
14,14,0
15,15,0
16,16,0
17,17,0
18,18,0
19,19,0
20,20,0
21,21,0
22,22,0
23,23,0
24,24,0
25,25,0
26,26,0
27,27,0
28,28,0
29,29,0
30,30,0
31,31,0
32,32,0
33,33,0
34,34,0
35,35,0
36,36,0
37,37,0
38,38,0
39,39,0
40,40,0
41,41,0
42,42,0
43,43,0
44,44,0
45,45,0
46,46,0
47,47,0
48,48,0
49,49,0
50,50,0
51,51,0
52,52,0
53,53,0
54,54,0
55,55,0
56,56,0
57,57,0
58,58,0
59,59,0
60,60,0
61,61,0
62,62,0
63,63,0
64,64,0
65,65,0
66,66,0
67,67,0
68,68,0
69,69,0
70,70,0
71,71,0
72,72,0
73,73,0
74,74,0
75,75,0
76,76,0
77,77,0
78,78,0
79,79,0
80,80,0
81,81,0
82,82,0
83,83,0
84,84,0
85,85,0
86,86,0
87,87,0
88,88,0
89,89,0
90,90,0
91,91,0
92,92,0
93,93,0
94,94,0
95,95,0
96,96,0
97,97,0
98,98,0
99,99,0
100,100,0
101,101,0
102,102,0
103,103,0
104,104,0
105,105,0
106,106,0
107,107,0
108,108,0
109,109,0
110,110,0
111,111,0
112,112,0
113,113,0
114,114,0
115,115,0
116,116,0
117,117,0
118,118,0
119,119,0
120,120,0
121,121,0
122,122,0
123,123,0
124,124,0
125,125,0
126,126,0
127,127,0
128,128,0
129,129,0
130,130,1
131,131,2
132,132,0
133,133,0
134,134,0
135,135,0
136,136,0
137,137,0
138,138,0
139,139,1
140,140,0
141,141,2
142,142,0
143,143,0
144,144,2
145,145,1
146,146,0
147,147,0
148,148,1
149,149,0
150,150,1
151,151,1
152,152,1
153,153,0
154,154,0
155,155,1
156,156,0
157,157,1
158,158,0
159,159,1
160,160,0
161,161,1
162,162,2
163,163,0
164,164,0
165,165,0
166,166,1
167,167,30
168,168,2
169,169,11
170,170,16
171,171,12
172,172,15
173,173,28
174,174,4
175,175,2
176,176,12
177,177,11
178,178,7
179,179,6
180,180,11
181,181,3
182,182,0
183,183,0
184,184,0
185,185,0
186,186,5
187,187,5
188,188,5
189,189,0
190,190,0
191,191,0
192,192,1
193,193,0
194,194,0
195,195,0
196,196,5
197,197,0
198,198,0
199,199,0
200,200,0
201,201,0
202,202,0
203,203,0
204,204,0
205,205,0
206,206,0
207,207,0
208,208,0
209,209,0
210,210,0
211,211,0
212,212,0
213,213,0
214,214,0
215,215,0
216,216,0
217,217,0
218,218,0
219,219,0
220,220,0
221,221,0
222,222,0
223,223,0
224,224,0
225,225,0
226,226,0
227,227,0
228,228,0
229,229,0
230,230,0
231,231,0
232,232,0
233,233,0
234,234,0
235,235,0
236,236,0
237,237,0
238,238,0
239,239,0
240,240,0
241,241,0
242,242,0
243,243,0
244,244,1
245,245,0
246,246,1
247,247,1
248,248,1
249,249,0
250,250,2
251,251,6
252,252,6
253,253,7
254,254,16
255,255,15
256,256,14
257,257,8
258,258,14
259,259,3
260,260,8
261,261,7
262,262,3
263,263,9
264,264,17
265,265,1
266,266,5
267,267,1
268,268,6
269,269,8
270,270,13
271,271,4
272,272,6
273,273,5
274,274,1
275,275,3
276,276,6
277,277,0
278,278,14
279,279,1
280,280,1
281,281,1
282,282,8
283,283,1
284,284,5
285,285,5
286,286,4
287,287,0
288,288,3
289,289,0
290,290,6
291,291,1
292,292,11
293,293,6
294,294,8
295,295,1
296,296,11
297,297,6
298,298,3
299,299,2
