,seconds,concurrency
0,0,0
1,1,0
2,2,0
3,3,0
4,4,0
5,5,0
6,6,0
7,7,0
8,8,0
9,9,0
10,10,0
11,11,0
12,12,0
13,13,0
14,14,0
15,15,0
16,16,0
17,17,0
18,18,0
19,19,0
20,20,0
21,21,0
22,22,0
23,23,0
24,24,0
25,25,0
26,26,0
27,27,0
28,28,0
29,29,0
30,30,0
31,31,0
32,32,0
33,33,0
34,34,0
35,35,0
36,36,0
37,37,0
38,38,0
39,39,0
40,40,0
41,41,0
42,42,0
43,43,0
44,44,0
45,45,0
46,46,0
47,47,0
48,48,0
49,49,0
50,50,0
51,51,0
52,52,0
53,53,0
54,54,0
55,55,0
56,56,0
57,57,0
58,58,0
59,59,0
60,60,0
61,61,0
62,62,0
63,63,0
64,64,0
65,65,0
66,66,0
67,67,0
68,68,0
69,69,0
70,70,0
71,71,0
72,72,0
73,73,0
74,74,0
75,75,0
76,76,0
77,77,0
78,78,0
79,79,0
80,80,0
81,81,0
82,82,0
83,83,0
84,84,0
85,85,0
86,86,0
87,87,0
88,88,0
89,89,0
90,90,0
91,91,0
92,92,0
93,93,0
94,94,0
95,95,0
96,96,0
97,97,0
98,98,0
99,99,0
100,100,0
101,101,0
102,102,0
103,103,0
104,104,0
105,105,0
106,106,0
107,107,0
108,108,0
109,109,0
110,110,0
111,111,0
112,112,0
113,113,0
114,114,0
115,115,0
116,116,0
117,117,0
118,118,0
119,119,0
120,120,0
121,121,0
122,122,0
123,123,0
124,124,0
125,125,0
126,126,0
127,127,0
128,128,0
129,129,0
130,130,0
131,131,0
132,132,0
133,133,0
134,134,0
135,135,0
136,136,0
137,137,0
138,138,0
139,139,0
140,140,0
141,141,0
142,142,0
143,143,0
144,144,0
145,145,0
146,146,0
147,147,0
148,148,0
149,149,0
150,150,0
151,151,0
152,152,0
153,153,0
154,154,0
155,155,0
156,156,0
157,157,0
158,158,0
159,159,0
160,160,0
161,161,0
162,162,0
163,163,0
164,164,0
165,165,0
166,166,0
167,167,0
168,168,0
169,169,0
170,170,0
171,171,0
172,172,0
173,173,1
174,174,0
175,175,1
176,176,18
177,177,34
178,178,50
179,179,39
180,180,0
181,181,5
182,182,6
183,183,2
184,184,6
185,185,1
186,186,4
187,187,8
188,188,2
189,189,5
190,190,6
191,191,6
192,192,5
193,193,8
194,194,16
195,195,8
196,196,15
197,197,10
198,198,17
199,199,14
200,200,6
201,201,3
202,202,8
203,203,8
204,204,5
205,205,6
206,206,4
207,207,4
208,208,0
209,209,6
210,210,2
211,211,10
212,212,4
213,213,3
214,214,7
215,215,0
216,216,1
217,217,1
218,218,0
219,219,4
220,220,0
221,221,3
222,222,1
223,223,1
224,224,2
225,225,1
226,226,0
227,227,1
228,228,1
229,229,0
230,230,1
231,231,1
232,232,0
233,233,2
234,234,0
235,235,0
236,236,1
237,237,1
238,238,0
239,239,1
240,240,1
241,241,1
242,242,1
243,243,0
244,244,1
245,245,0
246,246,0
247,247,1
248,248,2
249,249,0
250,250,0
251,251,1
252,252,0
253,253,0
254,254,1
255,255,2
256,256,0
257,257,1
258,258,0
259,259,0
260,260,1
261,261,0
262,262,0
263,263,0
264,264,1
265,265,0
266,266,0
267,267,0
268,268,2
269,269,1
270,270,0
271,271,0
272,272,0
273,273,0
274,274,1
275,275,0
276,276,1
277,277,1
278,278,2
279,279,0
280,280,0
281,281,0
282,282,0
283,283,0
284,284,1
285,285,1
286,286,0
287,287,1
288,288,0
289,289,0
290,290,0
291,291,0
292,292,1
293,293,1
294,294,1
295,295,0
296,296,2
297,297,2
298,298,0
299,299,2
