,seconds,concurrency
0,0,0
1,1,0
2,2,0
3,3,0
4,4,0
5,5,0
6,6,0
7,7,0
8,8,0
9,9,0
10,10,0
11,11,0
12,12,0
13,13,0
14,14,0
15,15,0
16,16,0
17,17,0
18,18,0
19,19,0
20,20,0
21,21,0
22,22,0
23,23,0
24,24,0
25,25,0
26,26,0
27,27,0
28,28,0
29,29,0
30,30,0
31,31,0
32,32,0
33,33,0
34,34,0
35,35,0
36,36,0
37,37,0
38,38,0
39,39,0
40,40,0
41,41,0
42,42,0
43,43,0
44,44,0
45,45,0
46,46,0
47,47,0
48,48,0
49,49,0
50,50,0
51,51,0
52,52,0
53,53,0
54,54,32
55,55,0
56,56,0
57,57,0
58,58,0
59,59,0
60,60,0
61,61,0
62,62,0
63,63,0
64,64,0
65,65,0
66,66,0
67,67,0
68,68,16
69,69,0
70,70,0
71,71,2
72,72,18
73,73,1
74,74,1
75,75,0
76,76,0
77,77,1
78,78,25
79,79,0
80,80,2
81,81,0
82,82,0
83,83,0
84,84,0
85,85,2
86,86,20
87,87,3
88,88,3
89,89,0
90,90,4
91,91,14
92,92,0
93,93,0
94,94,0
95,95,0
96,96,21
97,97,11
98,98,0
99,99,0
100,100,0
101,101,0
102,102,0
103,103,0
104,104,0
105,105,0
106,106,0
107,107,0
108,108,1
109,109,14
110,110,0
111,111,16
112,112,0
113,113,0
114,114,0
115,115,0
116,116,0
117,117,0
118,118,0
119,119,0
120,120,0
121,121,0
122,122,0
123,123,8
124,124,0
125,125,9
126,126,7
127,127,0
128,128,16
129,129,0
130,130,0
131,131,1
132,132,0
133,133,18
134,134,11
135,135,4
136,136,0
137,137,21
138,138,0
139,139,0
140,140,0
141,141,0
142,142,5
143,143,21
144,144,2
145,145,0
146,146,0
147,147,0
148,148,0
149,149,8
150,150,24
151,151,30
152,152,0
153,153,2
154,154,0
155,155,0
156,156,0
157,157,0
158,158,0
159,159,0
160,160,27
161,161,1
162,162,0
163,163,0
164,164,0
165,165,0
166,166,0
167,167,0
168,168,5
169,169,5
170,170,7
171,171,24
172,172,0
173,173,3
174,174,5
175,175,4
176,176,16
177,177,5
178,178,8
179,179,0
180,180,24
181,181,0
182,182,0
183,183,0
184,184,0
185,185,0
186,186,0
187,187,0
188,188,30
189,189,0
190,190,2
191,191,0
192,192,0
193,193,0
194,194,0
195,195,0
196,196,16
197,197,0
198,198,16
199,199,1
200,200,15
201,201,0
202,202,0
203,203,4
204,204,0
205,205,5
206,206,0
207,207,0
208,208,0
209,209,0
210,210,0
211,211,0
212,212,0
213,213,0
214,214,0
215,215,0
216,216,0
217,217,0
218,218,0
219,219,0
220,220,0
221,221,0
222,222,0
223,223,0
224,224,0
225,225,0
226,226,0
227,227,0
228,228,0
229,229,0
230,230,0
231,231,0
232,232,0
233,233,0
234,234,0
235,235,0
236,236,0
237,237,0
238,238,0
239,239,0
240,240,0
241,241,0
242,242,0
243,243,0
244,244,0
245,245,0
246,246,0
247,247,0
248,248,0
249,249,0
250,250,0
251,251,0
252,252,0
253,253,0
254,254,0
255,255,0
256,256,0
257,257,0
258,258,0
259,259,3
260,260,2
261,261,4
262,262,8
263,263,0
264,264,0
265,265,0
266,266,0
267,267,0
268,268,0
269,269,0
270,270,0
271,271,0
272,272,0
273,273,0
274,274,0
275,275,0
276,276,0
277,277,0
278,278,0
279,279,0
280,280,0
281,281,0
282,282,0
283,283,0
284,284,0
285,285,0
286,286,0
287,287,0
288,288,0
289,289,0
290,290,0
291,291,0
292,292,0
293,293,0
294,294,0
295,295,0
296,296,0
297,297,0
298,298,0
299,299,0
