,seconds,concurrency
0,0,0
1,1,0
2,2,0
3,3,0
4,4,0
5,5,0
6,6,0
7,7,0
8,8,0
9,9,0
10,10,1
11,11,0
12,12,0
13,13,0
14,14,2
15,15,0
16,16,1
17,17,1
18,18,0
19,19,0
20,20,0
21,21,0
22,22,1
23,23,0
24,24,0
25,25,0
26,26,0
27,27,0
28,28,0
29,29,0
30,30,0
31,31,0
32,32,0
33,33,0
34,34,0
35,35,0
36,36,0
37,37,0
38,38,0
39,39,1
40,40,0
41,41,1
42,42,0
43,43,2
44,44,1
45,45,4
46,46,0
47,47,3
48,48,0
49,49,1
50,50,0
51,51,0
52,52,1
53,53,0
54,54,0
55,55,0
56,56,0
57,57,0
58,58,0
59,59,0
60,60,0
61,61,2
62,62,2
63,63,1
64,64,1
65,65,1
66,66,1
67,67,0
68,68,0
69,69,0
70,70,0
71,71,0
72,72,0
73,73,0
74,74,0
75,75,0
76,76,0
77,77,1
78,78,0
79,79,0
80,80,0
81,81,0
82,82,0
83,83,0
84,84,0
85,85,1
86,86,0
87,87,0
88,88,0
89,89,1
90,90,0
91,91,0
92,92,0
93,93,0
94,94,0
95,95,0
96,96,0
97,97,0
98,98,0
99,99,0
100,100,0
101,101,1
102,102,0
103,103,0
104,104,1
105,105,0
106,106,0
107,107,0
108,108,0
109,109,0
110,110,0
111,111,1
112,112,0
113,113,0
114,114,1
115,115,0
116,116,0
117,117,0
118,118,0
119,119,0
120,120,0
121,121,0
122,122,0
123,123,0
124,124,0
125,125,0
126,126,0
127,127,0
128,128,0
129,129,0
130,130,0
131,131,0
132,132,0
133,133,0
134,134,0
135,135,1
136,136,0
137,137,0
138,138,0
139,139,0
140,140,1
141,141,1
142,142,1
143,143,0
144,144,2
145,145,1
146,146,1
147,147,0
148,148,18
149,149,0
150,150,0
151,151,0
152,152,1
153,153,1
154,154,0
155,155,1
156,156,1
157,157,2
158,158,0
159,159,1
160,160,0
161,161,1
162,162,0
163,163,0
164,164,16
165,165,0
166,166,0
167,167,0
168,168,0
169,169,0
170,170,8
171,171,0
172,172,0
173,173,0
174,174,0
175,175,2
176,176,15
177,177,0
178,178,0
179,179,1
180,180,0
181,181,0
182,182,0
183,183,0
184,184,0
185,185,0
186,186,0
187,187,0
188,188,0
189,189,0
190,190,9
191,191,4
192,192,0
193,193,0
194,194,3
195,195,0
196,196,7
197,197,1
198,198,1
199,199,0
200,200,3
201,201,4
202,202,2
203,203,0
204,204,1
205,205,1
206,206,0
207,207,1
208,208,0
209,209,0
210,210,1
211,211,0
212,212,1
213,213,0
214,214,0
215,215,1
216,216,0
217,217,1
218,218,0
219,219,0
220,220,0
221,221,0
222,222,1
223,223,0
224,224,0
225,225,0
226,226,0
227,227,0
228,228,0
229,229,0
230,230,0
231,231,0
232,232,0
233,233,0
234,234,1
235,235,0
236,236,0
237,237,1
238,238,0
239,239,0
240,240,0
241,241,0
242,242,1
243,243,0
244,244,1
245,245,0
246,246,0
247,247,0
248,248,0
249,249,1
250,250,1
251,251,3
252,252,4
253,253,0
254,254,0
255,255,0
256,256,9
257,257,2
258,258,0
259,259,2
260,260,1
261,261,2
262,262,1
263,263,1
264,264,0
265,265,0
266,266,0
267,267,1
268,268,4
269,269,1
270,270,2
271,271,0
272,272,6
273,273,1
274,274,0
275,275,5
276,276,0
277,277,0
278,278,0
279,279,3
280,280,0
281,281,1
282,282,3
283,283,0
284,284,1
285,285,1
286,286,1
287,287,1
288,288,0
289,289,0
290,290,0
291,291,1
292,292,3
293,293,2
294,294,2
295,295,1
296,296,0
297,297,1
298,298,0
299,299,1
