,seconds,concurrency
0,290,0
1,291,1
2,292,1
3,293,0
4,294,1
5,295,6
6,296,0
7,297,0
8,298,0
9,299,0
10,0,3
11,1,7
12,2,3
13,3,1
14,4,3
15,5,2
16,6,0
17,7,1
18,8,0
19,9,0
20,10,1
21,11,2
22,12,2
23,13,2
24,14,4
25,15,2
26,16,1
27,17,4
28,18,5
29,19,8
30,20,5
31,21,7
32,22,3
33,23,5
34,24,6
35,25,4
36,26,8
37,27,9
38,28,7
39,29,5
40,30,4
41,31,4
42,32,0
43,33,1
44,34,5
45,35,5
46,36,6
47,37,9
48,38,7
49,39,6
50,40,5
51,41,4
52,42,5
53,43,3
54,44,2
55,45,1
56,46,4
57,47,7
58,48,4
59,49,3
60,50,9
61,51,7
62,52,7
63,53,7
64,54,11
65,55,8
66,56,5
67,57,3
68,58,5
69,59,1
70,60,1
71,61,1
72,62,4
73,63,2
74,64,11
75,65,10
76,66,6
77,67,9
78,68,8
79,69,2
80,70,0
81,71,2
82,72,3
83,73,1
84,74,0
85,75,1
86,76,0
87,77,1
88,78,1
89,79,3
90,80,1
91,81,0
92,82,1
93,83,2
94,84,2
95,85,1
96,86,4
97,87,3
98,88,6
99,89,7
100,90,10
101,91,5
102,92,16
103,93,5
104,94,5
105,95,9
106,96,8
107,97,3
108,98,7
109,99,8
110,100,4
111,101,6
112,102,3
113,103,1
114,104,6
115,105,1
116,106,0
117,107,1
118,108,0
119,109,2
120,110,0
121,111,1
122,112,3
123,113,1
124,114,4
125,115,0
126,116,3
127,117,0
128,118,1
129,119,4
130,120,2
131,121,1
132,122,2
133,123,3
134,124,3
135,125,4
136,126,2
137,127,5
138,128,3
139,129,6
140,130,0
141,131,6
142,132,3
143,133,2
144,134,5
145,135,7
146,136,5
147,137,8
148,138,6
149,139,3
150,140,6
151,141,1
152,142,0
153,143,2
154,144,1
155,145,2
156,146,3
157,147,4
158,148,4
159,149,5
160,150,1
161,151,2
162,152,3
163,153,0
164,154,1
165,155,8
166,156,10
167,157,7
168,158,6
169,159,15
170,160,13
171,161,14
172,162,22
173,163,17
174,164,12
175,165,17
176,166,22
177,167,13
178,168,13
179,169,10
180,170,8
181,171,17
182,172,14
183,173,12
184,174,2
185,175,5
186,176,10
187,177,0
188,178,4
189,179,12
190,180,11
191,181,7
192,182,13
193,183,19
194,184,11
195,185,10
196,186,16
197,187,8
198,188,15
199,189,6
200,190,4
201,191,8
202,192,6
203,193,7
204,194,8
205,195,9
206,196,9
207,197,13
208,198,8
209,199,12
210,200,12
211,201,6
212,202,6
213,203,14
214,204,4
215,205,7
216,206,14
217,207,10
218,208,6
219,209,7
220,210,7
221,211,11
222,212,7
223,213,4
224,214,6
225,215,7
226,216,2
227,217,8
228,218,2
229,219,3
230,220,1
231,221,2
232,222,4
233,223,2
234,224,3
235,225,0
236,226,1
237,227,2
238,228,6
239,229,13
240,230,6
241,231,4
242,232,6
243,233,9
244,234,12
245,235,9
246,236,11
247,237,13
248,238,9
249,239,6
250,240,8
251,241,9
252,242,5
253,243,8
254,244,7
255,245,5
256,246,9
257,247,3
258,248,6
259,249,6
260,250,0
261,251,1
262,252,1
263,253,3
264,254,0
265,255,0
266,256,0
267,257,1
268,258,0
269,259,0
270,260,0
271,261,0
272,262,0
273,263,0
274,264,0
275,265,0
276,266,0
277,267,0
278,268,0
279,269,0
280,270,0
281,271,0
282,272,0
283,273,0
284,274,0
285,275,0
286,276,0
287,277,0
288,278,0
289,279,0
290,280,0
291,281,0
292,282,0
293,283,0
294,284,1
295,285,1
296,286,1
297,287,2
298,288,2
299,289,2
