,seconds,concurrency
0,290,4
1,291,4
2,292,4
3,293,2
4,294,1
5,295,2
6,296,5
7,297,6
8,298,1
9,299,3
10,0,1
11,1,6
12,2,0
13,3,2
14,4,3
15,5,3
16,6,6
17,7,2
18,8,4
19,9,6
20,10,8
21,11,4
22,12,3
23,13,3
24,14,1
25,15,3
26,16,4
27,17,4
28,18,4
29,19,4
30,20,1
31,21,2
32,22,4
33,23,2
34,24,3
35,25,4
36,26,1
37,27,6
38,28,5
39,29,0
40,30,3
41,31,2
42,32,5
43,33,6
44,34,5
45,35,6
46,36,6
47,37,0
48,38,4
49,39,3
50,40,6
51,41,4
52,42,1
53,43,0
54,44,1
55,45,1
56,46,2
57,47,4
58,48,0
59,49,3
60,50,5
61,51,2
62,52,1
63,53,3
64,54,0
65,55,2
66,56,1
67,57,2
68,58,2
69,59,2
70,60,2
71,61,1
72,62,1
73,63,3
74,64,3
75,65,1
76,66,8
77,67,5
78,68,2
79,69,3
80,70,5
81,71,2
82,72,2
83,73,1
84,74,4
85,75,11
86,76,5
87,77,3
88,78,3
89,79,3
90,80,3
91,81,6
92,82,4
93,83,4
94,84,2
95,85,1
96,86,3
97,87,0
98,88,1
99,89,0
100,90,1
101,91,2
102,92,2
103,93,3
104,94,0
105,95,3
106,96,6
107,97,2
108,98,3
109,99,4
110,100,4
111,101,3
112,102,1
113,103,2
114,104,1
115,105,1
116,106,3
117,107,1
118,108,1
119,109,3
120,110,1
121,111,5
122,112,6
123,113,1
124,114,3
125,115,5
126,116,6
127,117,5
128,118,1
129,119,3
130,120,1
131,121,7
132,122,4
133,123,0
134,124,2
135,125,2
136,126,3
137,127,1
138,128,2
139,129,4
140,130,3
141,131,5
142,132,2
143,133,0
144,134,4
145,135,3
146,136,3
147,137,2
148,138,4
149,139,1
150,140,4
151,141,2
152,142,2
153,143,5
154,144,3
155,145,3
156,146,3
157,147,3
158,148,1
159,149,4
160,150,3
161,151,1
162,152,2
163,153,3
164,154,1
165,155,3
166,156,2
167,157,2
168,158,4
169,159,3
170,160,2
171,161,1
172,162,3
173,163,2
174,164,1
175,165,0
176,166,1
177,167,1
178,168,1
179,169,5
180,170,1
181,171,1
182,172,5
183,173,1
184,174,4
185,175,1
186,176,4
187,177,2
188,178,2
189,179,1
190,180,1
191,181,0
192,182,2
193,183,1
194,184,1
195,185,0
196,186,0
197,187,0
198,188,1
199,189,3
200,190,0
201,191,0
202,192,0
203,193,3
204,194,1
205,195,4
206,196,1
207,197,2
208,198,3
209,199,2
210,200,0
211,201,1
212,202,1
213,203,1
214,204,2
215,205,1
216,206,4
217,207,4
218,208,1
219,209,2
220,210,3
221,211,3
222,212,1
223,213,4
224,214,3
225,215,4
226,216,3
227,217,1
228,218,5
229,219,2
230,220,2
231,221,3
232,222,2
233,223,1
234,224,1
235,225,4
236,226,4
237,227,0
238,228,1
239,229,3
240,230,4
241,231,3
242,232,4
243,233,1
244,234,2
245,235,1
246,236,2
247,237,4
248,238,3
249,239,3
250,240,2
251,241,2
252,242,1
253,243,1
254,244,2
255,245,3
256,246,1
257,247,4
258,248,2
259,249,3
260,250,1
261,251,1
262,252,1
263,253,1
264,254,3
265,255,2
266,256,1
267,257,2
268,258,1
269,259,0
270,260,4
271,261,3
272,262,1
273,263,2
274,264,1
275,265,3
276,266,3
277,267,2
278,268,3
279,269,1
280,270,5
281,271,1
282,272,1
283,273,3
284,274,4
285,275,3
286,276,3
287,277,3
288,278,3
289,279,8
290,280,2
291,281,1
292,282,3
293,283,3
294,284,2
295,285,2
296,286,4
297,287,3
298,288,3
299,289,3
