,seconds,concurrency
0,0,4
1,1,3
2,2,1
3,3,3
4,4,2
5,5,3
6,6,6
7,7,0
8,8,10
9,9,0
10,10,3
11,11,2
12,12,5
13,13,6
14,14,1
15,15,1
16,16,6
17,17,5
18,18,0
19,19,4
20,20,4
21,21,2
22,22,5
23,23,7
24,24,3
25,25,3
26,26,6
27,27,3
28,28,6
29,29,3
30,30,2
31,31,9
32,32,2
33,33,4
34,34,4
35,35,13
36,36,8
37,37,5
38,38,8
39,39,3
40,40,1
41,41,4
42,42,3
43,43,7
44,44,3
45,45,7
46,46,3
47,47,6
48,48,4
49,49,10
50,50,2
51,51,1
52,52,3
53,53,4
54,54,1
55,55,1
56,56,5
57,57,4
58,58,0
59,59,2
60,60,4
61,61,4
62,62,4
63,63,0
64,64,3
65,65,3
66,66,3
67,67,1
68,68,0
69,69,1
70,70,5
71,71,2
72,72,3
73,73,2
74,74,3
75,75,1
76,76,7
77,77,2
78,78,2
79,79,4
80,80,3
81,81,4
82,82,3
83,83,2
84,84,0
85,85,2
86,86,4
87,87,2
88,88,1
89,89,2
90,90,4
91,91,2
92,92,4
93,93,4
94,94,8
95,95,5
96,96,3
97,97,3
98,98,4
99,99,9
100,100,4
101,101,2
102,102,8
103,103,8
104,104,5
105,105,2
106,106,2
107,107,7
108,108,5
109,109,4
110,110,2
111,111,5
112,112,15
113,113,5
114,114,7
115,115,7
116,116,4
117,117,4
118,118,3
119,119,15
120,120,0
121,121,7
122,122,5
123,123,9
124,124,5
125,125,6
126,126,6
127,127,3
128,128,9
129,129,6
130,130,1
131,131,8
132,132,9
133,133,9
134,134,3
135,135,7
136,136,6
137,137,0
138,138,1
139,139,16
140,140,2
141,141,4
142,142,9
143,143,3
144,144,11
145,145,8
146,146,9
147,147,2
148,148,1
149,149,13
150,150,0
151,151,5
152,152,7
153,153,8
154,154,11
155,155,3
156,156,7
157,157,11
158,158,8
159,159,16
160,160,16
161,161,8
162,162,18
163,163,17
164,164,13
165,165,9
166,166,1
167,167,1
168,168,2
169,169,10
170,170,1
171,171,9
172,172,7
173,173,33
174,174,6
175,175,6
176,176,14
177,177,0
178,178,10
179,179,7
180,180,9
181,181,18
182,182,13
183,183,13
184,184,7
185,185,3
186,186,6
187,187,11
188,188,7
189,189,9
190,190,5
191,191,2
192,192,12
193,193,2
194,194,1
195,195,1
196,196,3
197,197,3
198,198,1
199,199,0
200,200,2
201,201,5
202,202,2
203,203,3
204,204,15
205,205,16
206,206,32
207,207,8
208,208,27
209,209,12
210,210,13
211,211,15
212,212,20
213,213,2
214,214,4
215,215,19
216,216,13
217,217,4
218,218,4
219,219,14
220,220,0
221,221,0
222,222,0
223,223,0
224,224,0
225,225,0
226,226,0
227,227,0
228,228,14
229,229,20
230,230,4
231,231,0
232,232,0
233,233,0
234,234,0
235,235,0
236,236,2
237,237,0
238,238,0
239,239,0
240,240,0
241,241,16
242,242,0
243,243,0
244,244,0
245,245,0
246,246,0
247,247,1
248,248,0
249,249,0
250,250,0
251,251,0
252,252,0
253,253,0
254,254,0
255,255,0
256,256,17
257,257,1
258,258,3
259,259,0
260,260,8
261,261,4
262,262,0
263,263,0
264,264,0
265,265,2
266,266,0
267,267,0
268,268,1
269,269,0
270,270,3
271,271,14
272,272,5
273,273,4
274,274,1
275,275,0
276,276,0
277,277,0
278,278,2
279,279,0
280,280,0
281,281,1
282,282,24
283,283,6
284,284,1
285,285,3
286,286,6
287,287,5
288,288,1
289,289,2
290,290,4
291,291,1
292,292,4
293,293,1
294,294,1
295,295,2
296,296,0
297,297,0
298,298,1
299,299,2
