,seconds,concurrency
0,0,26
1,1,25
2,2,16
3,3,37
4,4,40
5,5,34
6,6,26
7,7,24
8,8,28
9,9,41
10,10,40
11,11,40
12,12,24
13,13,23
14,14,27
15,15,38
16,16,42
17,17,18
18,18,0
19,19,50
20,20,50
21,21,39
22,22,42
23,23,33
24,24,27
25,25,25
26,26,27
27,27,39
28,28,43
29,29,30
30,30,25
31,31,23
32,32,33
33,33,40
34,34,33
35,35,27
36,36,29
37,37,30
38,38,34
39,39,30
40,40,41
41,41,36
42,42,26
43,43,26
44,44,24
45,45,37
46,46,39
47,47,40
48,48,21
49,49,21
50,50,26
51,51,31
52,52,41
53,53,10
54,54,0
55,55,0
56,56,0
57,57,10
58,58,18
59,59,91
60,60,91
61,61,76
62,62,25
63,63,32
64,64,34
65,65,40
66,66,28
67,67,23
68,68,26
69,69,21
70,70,44
71,71,40
72,72,33
73,73,30
74,74,23
75,75,32
76,76,40
77,77,38
78,78,28
79,79,26
80,80,17
81,81,29
82,82,40
83,83,37
84,84,33
85,85,27
86,86,19
87,87,21
88,88,36
89,89,43
90,90,24
91,91,22
92,92,20
93,93,37
94,94,37
95,95,21
96,96,0
97,97,10
98,98,0
99,99,60
100,100,83
101,101,21
102,102,23
103,103,25
104,104,40
105,105,36
106,106,22
107,107,22
108,108,29
109,109,39
110,110,39
111,111,40
112,112,31
113,113,46
114,114,40
115,115,39
116,116,38
117,117,39
118,118,36
119,119,24
120,120,20
121,121,40
122,122,40
123,123,40
124,124,38
125,125,42
126,126,36
127,127,41
128,128,28
129,129,25
130,130,40
131,131,40
132,132,38
133,133,41
134,134,39
135,135,41
136,136,39
137,137,39
138,138,36
139,139,37
140,140,40
141,141,41
142,142,40
143,143,38
144,144,39
145,145,39
146,146,42
147,147,40
148,148,37
149,149,41
150,150,38
151,151,37
152,152,37
153,153,42
154,154,38
155,155,37
156,156,36
157,157,10
158,158,10
159,159,99
160,160,40
161,161,38
162,162,40
163,163,38
164,164,39
165,165,29
166,166,30
167,167,41
168,168,33
169,169,35
170,170,42
171,171,38
172,172,43
173,173,40
174,174,19
175,175,40
176,176,61
177,177,32
178,178,51
179,179,40
180,180,23
181,181,59
182,182,40
183,183,16
184,184,62
185,185,39
186,186,41
187,187,41
188,188,39
189,189,36
190,190,45
191,191,39
192,192,42
193,193,38
194,194,42
195,195,14
196,196,40
197,197,66
198,198,39
199,199,38
200,200,40
201,201,39
202,202,38
203,203,38
204,204,39
205,205,42
206,206,41
207,207,36
208,208,19
209,209,40
210,210,65
211,211,25
212,212,50
213,213,42
214,214,36
215,215,39
216,216,39
217,217,43
218,218,37
219,219,35
220,220,47
221,221,38
222,222,35
223,223,44
224,224,38
225,225,39
226,226,41
227,227,39
228,228,41
229,229,41
230,230,39
231,231,0
232,232,10
233,233,0
234,234,0
235,235,0
236,236,0
237,237,0
238,238,0
239,239,80
240,240,13
241,241,0
242,242,0
243,243,0
244,244,0
245,245,0
246,246,0
247,247,0
248,248,0
249,249,0
250,250,0
251,251,0
252,252,0
253,253,0
254,254,0
255,255,0
256,256,0
257,257,0
258,258,0
259,259,0
260,260,0
261,261,0
262,262,0
263,263,0
264,264,0
265,265,0
266,266,0
267,267,0
268,268,0
269,269,0
270,270,0
271,271,0
272,272,0
273,273,0
274,274,0
275,275,0
276,276,0
277,277,0
278,278,0
279,279,0
280,280,0
281,281,0
282,282,0
283,283,0
284,284,0
285,285,0
286,286,0
287,287,0
288,288,0
289,289,0
290,290,0
291,291,0
292,292,0
293,293,0
294,294,0
295,295,0
296,296,0
297,297,0
298,298,0
299,299,0
