,seconds,concurrency
0,290,0
1,291,1
2,292,0
3,293,0
4,294,0
5,295,29
6,296,14
7,297,33
8,298,26
9,299,2
10,0,0
11,1,0
12,2,0
13,3,0
14,4,0
15,5,0
16,6,0
17,7,0
18,8,0
19,9,0
20,10,0
21,11,0
22,12,0
23,13,0
24,14,0
25,15,0
26,16,0
27,17,1
28,18,0
29,19,0
30,20,0
31,21,0
32,22,0
33,23,0
34,24,0
35,25,0
36,26,0
37,27,0
38,28,0
39,29,0
40,30,0
41,31,1
42,32,0
43,33,0
44,34,0
45,35,0
46,36,0
47,37,0
48,38,0
49,39,0
50,40,0
51,41,0
52,42,0
53,43,2
54,44,0
55,45,0
56,46,0
57,47,0
58,48,0
59,49,0
60,50,0
61,51,0
62,52,0
63,53,0
64,54,0
65,55,1
66,56,0
67,57,0
68,58,0
69,59,0
70,60,0
71,61,0
72,62,0
73,63,0
74,64,0
75,65,0
76,66,0
77,67,0
78,68,0
79,69,0
80,70,0
81,71,0
82,72,0
83,73,0
84,74,0
85,75,0
86,76,0
87,77,0
88,78,0
89,79,0
90,80,0
91,81,0
92,82,1
93,83,0
94,84,0
95,85,1
96,86,0
97,87,0
98,88,1
99,89,0
100,90,0
101,91,0
102,92,0
103,93,0
104,94,0
105,95,0
106,96,0
107,97,0
108,98,0
109,99,0
110,100,0
111,101,0
112,102,0
113,103,1
114,104,0
115,105,0
116,106,0
117,107,0
118,108,0
119,109,0
120,110,0
121,111,0
122,112,1
123,113,0
124,114,0
125,115,0
126,116,0
127,117,0
128,118,0
129,119,0
130,120,0
131,121,0
132,122,0
133,123,0
134,124,0
135,125,0
136,126,0
137,127,0
138,128,0
139,129,0
140,130,0
141,131,0
142,132,0
143,133,0
144,134,0
145,135,0
146,136,0
147,137,1
148,138,0
149,139,0
150,140,0
151,141,0
152,142,0
153,143,0
154,144,0
155,145,1
156,146,0
157,147,1
158,148,4
159,149,3
160,150,1
161,151,2
162,152,4
163,153,1
164,154,10
165,155,6
166,156,5
167,157,7
168,158,6
169,159,3
170,160,4
171,161,6
172,162,12
173,163,14
174,164,13
175,165,19
176,166,11
177,167,7
178,168,0
179,169,0
180,170,0
181,171,0
182,172,1
183,173,0
184,174,0
185,175,0
186,176,0
187,177,16
188,178,0
189,179,12
190,180,16
191,181,2
192,182,0
193,183,8
194,184,0
195,185,15
196,186,11
197,187,4
198,188,3
199,189,8
200,190,10
201,191,1
202,192,1
203,193,0
204,194,4
205,195,1
206,196,1
207,197,0
208,198,0
209,199,11
210,200,5
211,201,1
212,202,2
213,203,0
214,204,3
215,205,4
216,206,5
217,207,3
218,208,2
219,209,3
220,210,2
221,211,3
222,212,4
223,213,9
224,214,11
225,215,10
226,216,6
227,217,0
228,218,1
229,219,19
230,220,26
231,221,12
232,222,2
233,223,9
234,224,7
235,225,13
236,226,6
237,227,6
238,228,2
239,229,0
240,230,3
241,231,16
242,232,5
243,233,10
244,234,23
245,235,27
246,236,10
247,237,0
248,238,0
249,239,0
250,240,0
251,241,32
252,242,1
253,243,0
254,244,0
255,245,0
256,246,1
257,247,0
258,248,49
259,249,5
260,250,2
261,251,16
262,252,8
263,253,19
264,254,4
265,255,0
266,256,1
267,257,0
268,258,0
269,259,0
270,260,17
271,261,0
272,262,57
273,263,13
274,264,1
275,265,1
276,266,0
277,267,0
278,268,0
279,269,16
280,270,10
281,271,7
282,272,0
283,273,0
284,274,0
285,275,0
286,276,0
287,277,0
288,278,0
289,279,2
290,280,0
291,281,0
292,282,50
293,283,3
294,284,0
295,285,0
296,286,0
297,287,0
298,288,0
299,289,0
