,seconds,concurrency
0,290,7
1,291,0
2,292,20
3,293,7
4,294,0
5,295,5
6,296,0
7,297,0
8,298,9
9,299,0
10,0,0
11,1,7
12,2,0
13,3,0
14,4,6
15,5,0
16,6,0
17,7,7
18,8,0
19,9,0
20,10,4
21,11,0
22,12,0
23,13,15
24,14,0
25,15,0
26,16,0
27,17,0
28,18,11
29,19,9
30,20,0
31,21,0
32,22,7
33,23,9
34,24,0
35,25,0
36,26,0
37,27,0
38,28,8
39,29,7
40,30,0
41,31,0
42,32,9
43,33,12
44,34,0
45,35,0
46,36,0
47,37,4
48,38,4
49,39,7
50,40,0
51,41,0
52,42,0
53,43,5
54,44,1
55,45,0
56,46,5
57,47,0
58,48,0
59,49,0
60,50,5
61,51,10
62,52,0
63,53,0
64,54,0
65,55,0
66,56,7
67,57,0
68,58,0
69,59,0
70,60,5
71,61,0
72,62,0
73,63,6
74,64,8
75,65,6
76,66,0
77,67,5
78,68,0
79,69,0
80,70,0
81,71,0
82,72,13
83,73,0
84,74,0
85,75,8
86,76,0
87,77,17
88,78,0
89,79,0
90,80,0
91,81,8
92,82,9
93,83,0
94,84,0
95,85,17
96,86,0
97,87,7
98,88,0
99,89,0
100,90,6
101,91,0
102,92,5
103,93,0
104,94,10
105,95,0
106,96,6
107,97,5
108,98,0
109,99,0
110,100,0
111,101,7
112,102,4
113,103,9
114,104,0
115,105,0
116,106,8
117,107,0
118,108,8
119,109,0
120,110,6
121,111,0
122,112,0
123,113,0
124,114,10
125,115,0
126,116,0
127,117,8
128,118,0
129,119,10
130,120,0
131,121,0
132,122,6
133,123,0
134,124,0
135,125,0
136,126,14
137,127,6
138,128,4
139,129,0
140,130,0
141,131,6
142,132,0
143,133,0
144,134,0
145,135,0
146,136,7
147,137,5
148,138,4
149,139,7
150,140,0
151,141,3
152,142,0
153,143,0
154,144,0
155,145,0
156,146,6
157,147,8
158,148,6
159,149,6
160,150,0
161,151,6
162,152,0
163,153,0
164,154,0
165,155,0
166,156,0
167,157,12
168,158,0
169,159,6
170,160,9
171,161,0
172,162,10
173,163,0
174,164,0
175,165,0
176,166,0
177,167,0
178,168,12
179,169,0
180,170,6
181,171,23
182,172,0
183,173,0
184,174,0
185,175,0
186,176,0
187,177,0
188,178,0
189,179,0
190,180,6
191,181,2
192,182,1
193,183,3
194,184,5
195,185,0
196,186,0
197,187,1
198,188,2
199,189,7
200,190,14
201,191,14
202,192,0
203,193,0
204,194,1
205,195,0
206,196,12
207,197,0
208,198,0
209,199,19
210,200,0
211,201,0
212,202,0
213,203,0
214,204,9
215,205,13
216,206,8
217,207,0
218,208,10
219,209,0
220,210,0
221,211,0
222,212,0
223,213,10
224,214,21
225,215,0
226,216,5
227,217,6
228,218,0
229,219,0
230,220,9
231,221,7
232,222,0
233,223,8
234,224,0
235,225,0
236,226,10
237,227,2
238,228,0
239,229,14
240,230,0
241,231,16
242,232,0
243,233,7
244,234,0
245,235,0
246,236,9
247,237,0
248,238,9
249,239,0
250,240,6
251,241,0
252,242,10
253,243,0
254,244,9
255,245,20
256,246,0
257,247,0
258,248,0
259,249,12
260,250,11
261,251,19
262,252,0
263,253,0
264,254,0
265,255,6
266,256,0
267,257,9
268,258,2
269,259,21
270,260,6
271,261,0
272,262,0
273,263,0
274,264,0
275,265,8
276,266,17
277,267,7
278,268,7
279,269,0
280,270,0
281,271,0
282,272,0
283,273,0
284,274,0
285,275,19
286,276,16
287,277,0
288,278,0
289,279,6
290,280,0
291,281,0
292,282,0
293,283,9
294,284,28
295,285,0
296,286,0
297,287,0
298,288,11
299,289,0
