,seconds,concurrency
0,290,23
1,291,27
2,292,21
3,293,24
4,294,18
5,295,26
6,296,22
7,297,21
8,298,20
9,299,22
10,0,22
11,1,27
12,2,26
13,3,18
14,4,23
15,5,24
16,6,22
17,7,25
18,8,21
19,9,22
20,10,22
21,11,22
22,12,19
23,13,20
24,14,25
25,15,20
26,16,15
27,17,20
28,18,24
29,19,21
30,20,19
31,21,23
32,22,21
33,23,26
34,24,22
35,25,28
36,26,19
37,27,23
38,28,24
39,29,21
40,30,19
41,31,14
42,32,21
43,33,17
44,34,21
45,35,19
46,36,21
47,37,19
48,38,18
49,39,20
50,40,24
51,41,24
52,42,23
53,43,29
54,44,23
55,45,24
56,46,23
57,47,29
58,48,21
59,49,18
60,50,18
61,51,23
62,52,22
63,53,22
64,54,27
65,55,21
66,56,18
67,57,21
68,58,15
69,59,17
70,60,14
71,61,16
72,62,14
73,63,11
74,64,18
75,65,17
76,66,21
77,67,19
78,68,19
79,69,22
80,70,24
81,71,20
82,72,19
83,73,19
84,74,24
85,75,19
86,76,22
87,77,18
88,78,19
89,79,14
90,80,15
91,81,16
92,82,20
93,83,20
94,84,19
95,85,15
96,86,17
97,87,17
98,88,20
99,89,19
100,90,17
101,91,22
102,92,18
103,93,16
104,94,19
105,95,20
106,96,18
107,97,18
108,98,20
109,99,25
110,100,21
111,101,19
112,102,26
113,103,28
114,104,22
115,105,22
116,106,19
117,107,24
118,108,24
119,109,20
120,110,16
121,111,23
122,112,19
123,113,22
124,114,28
125,115,21
126,116,20
127,117,21
128,118,16
129,119,24
130,120,20
131,121,21
132,122,21
133,123,21
134,124,17
135,125,22
136,126,19
137,127,24
138,128,18
139,129,21
140,130,26
141,131,24
142,132,22
143,133,20
144,134,23
145,135,19
146,136,14
147,137,23
148,138,21
149,139,21
150,140,21
151,141,21
152,142,24
153,143,21
154,144,21
155,145,19
156,146,25
157,147,27
158,148,20
159,149,20
160,150,22
161,151,21
162,152,24
163,153,21
164,154,18
165,155,20
166,156,22
167,157,22
168,158,21
169,159,23
170,160,23
171,161,18
172,162,23
173,163,20
174,164,20
175,165,25
176,166,20
177,167,18
178,168,23
179,169,19
180,170,28
181,171,22
182,172,14
183,173,21
184,174,19
185,175,18
186,176,21
187,177,15
188,178,19
189,179,20
190,180,24
191,181,17
192,182,26
193,183,19
194,184,16
195,185,18
196,186,22
197,187,24
198,188,23
199,189,20
200,190,25
201,191,16
202,192,18
203,193,24
204,194,21
205,195,18
206,196,24
207,197,20
208,198,28
209,199,25
210,200,25
211,201,22
212,202,25
213,203,23
214,204,22
215,205,23
216,206,20
217,207,18
218,208,24
219,209,22
220,210,26
221,211,21
222,212,25
223,213,23
224,214,16
225,215,19
226,216,26
227,217,24
228,218,20
229,219,17
230,220,19
231,221,22
232,222,20
233,223,19
234,224,20
235,225,21
236,226,23
237,227,23
238,228,20
239,229,23
240,230,17
241,231,18
242,232,20
243,233,16
244,234,25
245,235,20
246,236,26
247,237,20
248,238,29
249,239,20
250,240,18
251,241,17
252,242,23
253,243,22
254,244,18
255,245,18
256,246,22
257,247,20
258,248,21
259,249,22
260,250,23
261,251,24
262,252,20
263,253,24
264,254,23
265,255,19
266,256,22
267,257,20
268,258,26
269,259,23
270,260,24
271,261,21
272,262,25
273,263,26
274,264,17
275,265,21
276,266,28
277,267,24
278,268,19
279,269,20
280,270,23
281,271,21
282,272,25
283,273,24
284,274,21
285,275,25
286,276,20
287,277,18
288,278,20
289,279,13
290,280,27
291,281,20
292,282,27
293,283,24
294,284,27
295,285,21
296,286,20
297,287,23
298,288,19
299,289,21
