,seconds,concurrency
0,290,8
1,291,0
2,292,21
3,293,10
4,294,8
5,295,0
6,296,0
7,297,0
8,298,0
9,299,0
10,0,17
11,1,0
12,2,0
13,3,0
14,4,30
15,5,13
16,6,7
17,7,18
18,8,4
19,9,0
20,10,23
21,11,20
22,12,13
23,13,4
24,14,0
25,15,0
26,16,0
27,17,0
28,18,0
29,19,0
30,20,0
31,21,14
32,22,46
33,23,28
34,24,20
35,25,29
36,26,3
37,27,12
38,28,9
39,29,39
40,30,20
41,31,11
42,32,21
43,33,14
44,34,14
45,35,2
46,36,31
47,37,19
48,38,38
49,39,32
50,40,9
51,41,9
52,42,0
53,43,0
54,44,0
55,45,0
56,46,33
57,47,25
58,48,8
59,49,3
60,50,20
61,51,16
62,52,17
63,53,5
64,54,5
65,55,0
66,56,29
67,57,25
68,58,19
69,59,22
70,60,20
71,61,7
72,62,6
73,63,7
74,64,25
75,65,23
76,66,6
77,67,0
78,68,0
79,69,34
80,70,17
81,71,30
82,72,9
83,73,0
84,74,0
85,75,6
86,76,44
87,77,35
88,78,22
89,79,17
90,80,18
91,81,19
92,82,0
93,83,20
94,84,19
95,85,0
96,86,25
97,87,0
98,88,26
99,89,16
100,90,7
101,91,25
102,92,0
103,93,8
104,94,0
105,95,0
106,96,0
107,97,6
108,98,41
109,99,40
110,100,22
111,101,27
112,102,11
113,103,0
114,104,8
115,105,1
116,106,0
117,107,0
118,108,31
119,109,36
120,110,0
121,111,0
122,112,17
123,113,44
124,114,27
125,115,0
126,116,0
127,117,12
128,118,11
129,119,23
130,120,0
131,121,17
132,122,15
133,123,38
134,124,11
135,125,35
136,126,0
137,127,0
138,128,0
139,129,0
140,130,0
141,131,0
142,132,0
143,133,14
144,134,40
145,135,54
146,136,23
147,137,5
148,138,3
149,139,9
150,140,10
151,141,4
152,142,18
153,143,27
154,144,37
155,145,4
156,146,4
157,147,18
158,148,14
159,149,11
160,150,28
161,151,9
162,152,8
163,153,0
164,154,10
165,155,0
166,156,8
167,157,9
168,158,32
169,159,0
170,160,0
171,161,0
172,162,0
173,163,0
174,164,0
175,165,18
176,166,13
177,167,20
178,168,20
179,169,9
180,170,20
181,171,10
182,172,0
183,173,0
184,174,9
185,175,10
186,176,18
187,177,14
188,178,21
189,179,16
190,180,11
191,181,0
192,182,27
193,183,28
194,184,29
195,185,0
196,186,0
197,187,0
198,188,11
199,189,25
200,190,37
201,191,34
202,192,0
203,193,12
204,194,8
205,195,24
206,196,9
207,197,0
208,198,10
209,199,0
210,200,12
211,201,19
212,202,20
213,203,32
214,204,8
215,205,0
216,206,22
217,207,0
218,208,5
219,209,18
220,210,12
221,211,12
222,212,5
223,213,27
224,214,30
225,215,30
226,216,15
227,217,0
228,218,6
229,219,18
230,220,11
231,221,0
232,222,17
233,223,7
234,224,12
235,225,0
236,226,42
237,227,11
238,228,25
239,229,27
240,230,25
241,231,0
242,232,0
243,233,15
244,234,17
245,235,20
246,236,38
247,237,18
248,238,7
249,239,25
250,240,5
251,241,0
252,242,0
253,243,14
254,244,31
255,245,20
256,246,35
257,247,13
258,248,0
259,249,9
260,250,11
261,251,20
262,252,0
263,253,24
264,254,38
265,255,24
266,256,26
267,257,0
268,258,0
269,259,19
270,260,0
271,261,7
272,262,1
273,263,33
274,264,31
275,265,26
276,266,31
277,267,0
278,268,19
279,269,0
280,270,0
281,271,0
282,272,33
283,273,21
284,274,41
285,275,31
286,276,19
287,277,0
288,278,10
289,279,9
290,280,0
291,281,0
292,282,9
293,283,1
294,284,0
295,285,20
296,286,32
297,287,39
298,288,25
299,289,12
