,seconds,concurrency
0,0,1
1,1,6
2,2,0
3,3,2
4,4,3
5,5,3
6,6,6
7,7,2
8,8,4
9,9,6
10,10,8
11,11,4
12,12,3
13,13,3
14,14,1
15,15,3
16,16,4
17,17,4
18,18,4
19,19,4
20,20,1
21,21,2
22,22,4
23,23,2
24,24,3
25,25,4
26,26,1
27,27,6
28,28,5
29,29,0
30,30,3
31,31,2
32,32,5
33,33,6
34,34,5
35,35,6
36,36,6
37,37,0
38,38,4
39,39,3
40,40,6
41,41,4
42,42,1
43,43,0
44,44,1
45,45,1
46,46,2
47,47,4
48,48,0
49,49,3
50,50,5
51,51,2
52,52,1
53,53,3
54,54,0
55,55,2
56,56,1
57,57,2
58,58,2
59,59,2
60,60,2
61,61,1
62,62,1
63,63,3
64,64,3
65,65,1
66,66,8
67,67,5
68,68,2
69,69,3
70,70,5
71,71,2
72,72,2
73,73,1
74,74,4
75,75,11
76,76,5
77,77,3
78,78,3
79,79,3
80,80,3
81,81,6
82,82,4
83,83,4
84,84,2
85,85,1
86,86,3
87,87,0
88,88,1
89,89,0
90,90,1
91,91,2
92,92,2
93,93,3
94,94,0
95,95,3
96,96,6
97,97,2
98,98,3
99,99,4
100,100,4
101,101,3
102,102,1
103,103,2
104,104,1
105,105,1
106,106,3
107,107,1
108,108,1
109,109,3
110,110,1
111,111,5
112,112,6
113,113,1
114,114,3
115,115,5
116,116,6
117,117,5
118,118,1
119,119,3
120,120,1
121,121,7
122,122,4
123,123,0
124,124,2
125,125,2
126,126,3
127,127,1
128,128,2
129,129,4
130,130,3
131,131,5
132,132,2
133,133,0
134,134,4
135,135,3
136,136,3
137,137,2
138,138,4
139,139,1
140,140,4
141,141,2
142,142,2
143,143,5
144,144,3
145,145,3
146,146,3
147,147,3
148,148,1
149,149,4
150,150,3
151,151,1
152,152,2
153,153,3
154,154,1
155,155,3
156,156,2
157,157,2
158,158,4
159,159,3
160,160,2
161,161,1
162,162,3
163,163,2
164,164,1
165,165,0
166,166,1
167,167,1
168,168,1
169,169,5
170,170,1
171,171,1
172,172,5
173,173,1
174,174,4
175,175,1
176,176,4
177,177,2
178,178,2
179,179,1
180,180,1
181,181,0
182,182,2
183,183,1
184,184,1
185,185,0
186,186,0
187,187,0
188,188,1
189,189,3
190,190,0
191,191,0
192,192,0
193,193,3
194,194,1
195,195,4
196,196,1
197,197,2
198,198,3
199,199,2
200,200,0
201,201,1
202,202,1
203,203,1
204,204,2
205,205,1
206,206,4
207,207,4
208,208,1
209,209,2
210,210,3
211,211,3
212,212,1
213,213,4
214,214,3
215,215,4
216,216,3
217,217,1
218,218,5
219,219,2
220,220,2
221,221,3
222,222,2
223,223,1
224,224,1
225,225,4
226,226,4
227,227,0
228,228,1
229,229,3
230,230,4
231,231,3
232,232,4
233,233,1
234,234,2
235,235,1
236,236,2
237,237,4
238,238,3
239,239,3
240,240,2
241,241,2
242,242,1
243,243,1
244,244,2
245,245,3
246,246,1
247,247,4
248,248,2
249,249,3
250,250,1
251,251,1
252,252,1
253,253,1
254,254,3
255,255,2
256,256,1
257,257,2
258,258,1
259,259,0
260,260,4
261,261,3
262,262,1
263,263,2
264,264,1
265,265,3
266,266,3
267,267,2
268,268,3
269,269,1
270,270,5
271,271,1
272,272,1
273,273,3
274,274,4
275,275,3
276,276,3
277,277,3
278,278,3
279,279,8
280,280,2
281,281,1
282,282,3
283,283,3
284,284,2
285,285,2
286,286,4
287,287,3
288,288,3
289,289,3
290,290,4
291,291,4
292,292,4
293,293,2
294,294,1
295,295,2
296,296,5
297,297,6
298,298,1
299,299,3
