,seconds,concurrency
0,290,0
1,291,0
2,292,1
3,293,2
4,294,2
5,295,2
6,296,0
7,297,3
8,298,3
9,299,2
10,0,3
11,1,0
12,2,1
13,3,2
14,4,0
15,5,1
16,6,2
17,7,2
18,8,3
19,9,1
20,10,0
21,11,2
22,12,1
23,13,1
24,14,0
25,15,0
26,16,0
27,17,2
28,18,7
29,19,0
30,20,2
31,21,0
32,22,4
33,23,2
34,24,2
35,25,1
36,26,6
37,27,20
38,28,1
39,29,0
40,30,1
41,31,2
42,32,1
43,33,0
44,34,0
45,35,1
46,36,1
47,37,2
48,38,2
49,39,1
50,40,3
51,41,3
52,42,0
53,43,3
54,44,1
55,45,1
56,46,3
57,47,1
58,48,2
59,49,0
60,50,1
61,51,0
62,52,0
63,53,1
64,54,1
65,55,2
66,56,1
67,57,7
68,58,4
69,59,2
70,60,3
71,61,5
72,62,1
73,63,8
74,64,0
75,65,0
76,66,2
77,67,5
78,68,6
79,69,2
80,70,0
81,71,2
82,72,1
83,73,4
84,74,2
85,75,2
86,76,4
87,77,3
88,78,2
89,79,4
90,80,1
91,81,2
92,82,0
93,83,1
94,84,1
95,85,4
96,86,1
97,87,1
98,88,3
99,89,3
100,90,4
101,91,2
102,92,2
103,93,1
104,94,3
105,95,2
106,96,2
107,97,1
108,98,6
109,99,2
110,100,2
111,101,3
112,102,1
113,103,3
114,104,3
115,105,2
116,106,1
117,107,3
118,108,0
119,109,4
120,110,0
121,111,4
122,112,2
123,113,0
124,114,1
125,115,5
126,116,2
127,117,3
128,118,1
129,119,1
130,120,2
131,121,2
132,122,3
133,123,0
134,124,3
135,125,5
136,126,1
137,127,1
138,128,1
139,129,5
140,130,4
141,131,3
142,132,5
143,133,2
144,134,3
145,135,3
146,136,0
147,137,0
148,138,1
149,139,0
150,140,1
151,141,0
152,142,1
153,143,2
154,144,4
155,145,1
156,146,3
157,147,2
158,148,1
159,149,2
160,150,3
161,151,0
162,152,1
163,153,2
164,154,0
165,155,3
166,156,4
167,157,3
168,158,1
169,159,2
170,160,7
171,161,2
172,162,3
173,163,1
174,164,1
175,165,1
176,166,3
177,167,5
178,168,1
179,169,3
180,170,2
181,171,0
182,172,2
183,173,1
184,174,2
185,175,5
186,176,1
187,177,3
188,178,1
189,179,2
190,180,2
191,181,1
192,182,1
193,183,0
194,184,3
195,185,2
196,186,1
197,187,3
198,188,7
199,189,1
200,190,0
201,191,4
202,192,2
203,193,3
204,194,1
205,195,2
206,196,2
207,197,1
208,198,2
209,199,1
210,200,3
211,201,1
212,202,2
213,203,2
214,204,0
215,205,0
216,206,2
217,207,1
218,208,1
219,209,2
220,210,0
221,211,4
222,212,3
223,213,3
224,214,3
225,215,2
226,216,0
227,217,0
228,218,0
229,219,9
230,220,1
231,221,3
232,222,0
233,223,1
234,224,1
235,225,5
236,226,0
237,227,0
238,228,0
239,229,6
240,230,2
241,231,4
242,232,1
243,233,1
244,234,0
245,235,5
246,236,1
247,237,2
248,238,1
249,239,3
250,240,3
251,241,3
252,242,3
253,243,0
254,244,1
255,245,1
256,246,2
257,247,0
258,248,4
259,249,2
260,250,2
261,251,3
262,252,1
263,253,4
264,254,2
265,255,1
266,256,2
267,257,2
268,258,1
269,259,0
270,260,2
271,261,2
272,262,4
273,263,3
274,264,1
275,265,0
276,266,2
277,267,2
278,268,0
279,269,2
280,270,3
281,271,2
282,272,1
283,273,2
284,274,0
285,275,0
286,276,0
287,277,6
288,278,1
289,279,1
290,280,1
291,281,2
292,282,2
293,283,4
294,284,4
295,285,2
296,286,4
297,287,2
298,288,1
299,289,1
