,seconds,concurrency
0,290,0
1,291,0
2,292,1
3,293,0
4,294,0
5,295,0
6,296,4
7,297,0
8,298,0
9,299,0
10,0,1
11,1,0
12,2,0
13,3,1
14,4,0
15,5,0
16,6,1
17,7,2
18,8,0
19,9,2
20,10,1
21,11,0
22,12,0
23,13,0
24,14,1
25,15,0
26,16,0
27,17,0
28,18,1
29,19,1
30,20,1
31,21,0
32,22,7
33,23,0
34,24,4
35,25,0
36,26,5
37,27,1
38,28,1
39,29,0
40,30,0
41,31,2
42,32,0
43,33,0
44,34,2
45,35,3
46,36,2
47,37,0
48,38,0
49,39,1
50,40,2
51,41,2
52,42,0
53,43,0
54,44,0
55,45,0
56,46,0
57,47,2
58,48,0
59,49,1
60,50,0
61,51,0
62,52,0
63,53,0
64,54,1
65,55,1
66,56,0
67,57,3
68,58,0
69,59,3
70,60,0
71,61,0
72,62,0
73,63,5
74,64,2
75,65,3
76,66,0
77,67,0
78,68,0
79,69,0
80,70,0
81,71,1
82,72,1
83,73,0
84,74,2
85,75,0
86,76,1
87,77,2
88,78,1
89,79,3
90,80,0
91,81,2
92,82,0
93,83,0
94,84,1
95,85,2
96,86,3
97,87,3
98,88,0
99,89,0
100,90,2
101,91,1
102,92,0
103,93,2
104,94,0
105,95,1
106,96,0
107,97,0
108,98,0
109,99,0
110,100,0
111,101,0
112,102,0
113,103,1
114,104,0
115,105,0
116,106,0
117,107,0
118,108,1
119,109,0
120,110,0
121,111,1
122,112,0
123,113,1
124,114,0
125,115,1
126,116,0
127,117,2
128,118,3
129,119,2
130,120,2
131,121,0
132,122,1
133,123,1
134,124,0
135,125,1
136,126,0
137,127,0
138,128,0
139,129,0
140,130,1
141,131,4
142,132,1
143,133,0
144,134,0
145,135,0
146,136,1
147,137,0
148,138,0
149,139,0
150,140,0
151,141,1
152,142,1
153,143,2
154,144,0
155,145,1
156,146,0
157,147,0
158,148,0
159,149,0
160,150,1
161,151,2
162,152,0
163,153,2
164,154,1
165,155,1
166,156,0
167,157,2
168,158,0
169,159,0
170,160,2
171,161,1
172,162,0
173,163,3
174,164,1
175,165,0
176,166,0
177,167,0
178,168,0
179,169,0
180,170,2
181,171,0
182,172,2
183,173,0
184,174,0
185,175,0
186,176,0
187,177,0
188,178,2
189,179,0
190,180,0
191,181,0
192,182,2
193,183,0
194,184,3
195,185,0
196,186,2
197,187,4
198,188,1
199,189,2
200,190,0
201,191,0
202,192,0
203,193,0
204,194,0
205,195,0
206,196,0
207,197,2
208,198,1
209,199,0
210,200,0
211,201,1
212,202,0
213,203,0
214,204,1
215,205,1
216,206,1
217,207,0
218,208,0
219,209,1
220,210,0
221,211,1
222,212,0
223,213,2
224,214,0
225,215,3
226,216,0
227,217,0
228,218,0
229,219,3
230,220,0
231,221,0
232,222,2
233,223,0
234,224,1
235,225,0
236,226,0
237,227,1
238,228,2
239,229,1
240,230,1
241,231,1
242,232,0
243,233,1
244,234,0
245,235,0
246,236,1
247,237,0
248,238,1
249,239,0
250,240,3
251,241,0
252,242,0
253,243,1
254,244,0
255,245,0
256,246,0
257,247,1
258,248,0
259,249,1
260,250,0
261,251,1
262,252,3
263,253,0
264,254,1
265,255,0
266,256,0
267,257,2
268,258,1
269,259,0
270,260,1
271,261,0
272,262,1
273,263,0
274,264,0
275,265,0
276,266,1
277,267,0
278,268,1
279,269,0
280,270,1
281,271,2
282,272,0
283,273,0
284,274,1
285,275,1
286,276,2
287,277,4
288,278,0
289,279,2
290,280,0
291,281,2
292,282,0
293,283,2
294,284,1
295,285,0
296,286,0
297,287,3
298,288,2
299,289,3
