,seconds,concurrency
0,0,4
1,1,1
2,2,3
3,3,1
4,4,0
5,5,0
6,6,0
7,7,0
8,8,0
9,9,1
10,10,3
11,11,3
12,12,2
13,13,1
14,14,1
15,15,2
16,16,3
17,17,3
18,18,4
19,19,2
20,20,3
21,21,5
22,22,4
23,23,4
24,24,1
25,25,1
26,26,3
27,27,8
28,28,1
29,29,3
30,30,8
31,31,4
32,32,6
33,33,3
34,34,1
35,35,3
36,36,7
37,37,4
38,38,6
39,39,3
40,40,3
41,41,2
42,42,4
43,43,3
44,44,7
45,45,5
46,46,2
47,47,2
48,48,3
49,49,2
50,50,1
51,51,4
52,52,6
53,53,6
54,54,3
55,55,6
56,56,6
57,57,4
58,58,1
59,59,4
60,60,3
61,61,1
62,62,1
63,63,3
64,64,2
65,65,2
66,66,2
67,67,6
68,68,1
69,69,6
70,70,1
71,71,6
72,72,2
73,73,4
74,74,6
75,75,0
76,76,0
77,77,3
78,78,0
79,79,1
80,80,1
81,81,4
82,82,0
83,83,0
84,84,0
85,85,0
86,86,0
87,87,0
88,88,0
89,89,0
90,90,0
91,91,0
92,92,0
93,93,0
94,94,0
95,95,0
96,96,0
97,97,0
98,98,0
99,99,0
100,100,0
101,101,0
102,102,0
103,103,0
104,104,0
105,105,0
106,106,0
107,107,0
108,108,2
109,109,3
110,110,1
111,111,2
112,112,3
113,113,4
114,114,2
115,115,2
116,116,3
117,117,3
118,118,5
119,119,5
120,120,5
121,121,6
122,122,1
123,123,3
124,124,2
125,125,5
126,126,3
127,127,3
128,128,3
129,129,7
130,130,8
131,131,3
132,132,2
133,133,2
134,134,3
135,135,3
136,136,6
137,137,8
138,138,5
139,139,4
140,140,6
141,141,3
142,142,1
143,143,6
144,144,2
145,145,5
146,146,4
147,147,12
148,148,8
149,149,9
150,150,5
151,151,2
152,152,7
153,153,2
154,154,4
155,155,4
156,156,2
157,157,6
158,158,1
159,159,1
160,160,2
161,161,2
162,162,1
163,163,7
164,164,6
165,165,3
166,166,8
167,167,5
168,168,5
169,169,2
170,170,0
171,171,4
172,172,6
173,173,0
174,174,2
175,175,4
176,176,3
177,177,1
178,178,7
179,179,4
180,180,2
181,181,3
182,182,1
183,183,5
184,184,2
185,185,4
186,186,4
187,187,1
188,188,3
189,189,2
190,190,1
191,191,0
192,192,0
193,193,0
194,194,4
195,195,6
196,196,1
197,197,0
198,198,0
199,199,0
200,200,0
201,201,0
202,202,0
203,203,0
204,204,0
205,205,0
206,206,0
207,207,0
208,208,0
209,209,0
210,210,0
211,211,0
212,212,0
213,213,0
214,214,0
215,215,0
216,216,0
217,217,0
218,218,0
219,219,0
220,220,0
221,221,0
222,222,0
223,223,0
224,224,0
225,225,0
226,226,0
227,227,1
228,228,4
229,229,0
230,230,0
231,231,4
232,232,3
233,233,2
234,234,2
235,235,3
236,236,0
237,237,2
238,238,5
239,239,0
240,240,0
241,241,1
242,242,1
243,243,4
244,244,4
245,245,2
246,246,5
247,247,2
248,248,8
249,249,3
250,250,0
251,251,0
252,252,2
253,253,2
254,254,4
255,255,5
256,256,4
257,257,6
258,258,6
259,259,3
260,260,5
261,261,7
262,262,3
263,263,5
264,264,1
265,265,3
266,266,2
267,267,2
268,268,3
269,269,6
270,270,7
271,271,5
272,272,4
273,273,3
274,274,0
275,275,0
276,276,2
277,277,5
278,278,7
279,279,4
280,280,2
281,281,2
282,282,4
283,283,6
284,284,7
285,285,2
286,286,8
287,287,10
288,288,6
289,289,3
290,290,2
291,291,6
292,292,3
293,293,1
294,294,2
295,295,5
296,296,0
297,297,0
298,298,2
299,299,1
