,seconds,concurrency
0,290,1
1,291,6
2,292,4
3,293,5
4,294,5
5,295,4
6,296,4
7,297,4
8,298,3
9,299,5
10,0,6
11,1,8
12,2,13
13,3,8
14,4,10
15,5,11
16,6,7
17,7,10
18,8,11
19,9,10
20,10,11
21,11,7
22,12,11
23,13,10
24,14,7
25,15,12
26,16,10
27,17,13
28,18,8
29,19,6
30,20,8
31,21,10
32,22,11
33,23,10
34,24,10
35,25,8
36,26,8
37,27,12
38,28,8
39,29,13
40,30,10
41,31,12
42,32,14
43,33,7
44,34,9
45,35,10
46,36,10
47,37,7
48,38,8
49,39,12
50,40,10
51,41,11
52,42,8
53,43,9
54,44,10
55,45,9
56,46,9
57,47,6
58,48,10
59,49,4
60,50,7
61,51,6
62,52,6
63,53,8
64,54,8
65,55,12
66,56,8
67,57,7
68,58,13
69,59,8
70,60,7
71,61,6
72,62,8
73,63,10
74,64,8
75,65,8
76,66,8
77,67,8
78,68,7
79,69,11
80,70,7
81,71,9
82,72,6
83,73,10
84,74,10
85,75,9
86,76,9
87,77,11
88,78,10
89,79,5
90,80,8
91,81,2
92,82,8
93,83,10
94,84,7
95,85,7
96,86,5
97,87,8
98,88,8
99,89,8
100,90,11
101,91,9
102,92,10
103,93,12
104,94,8
105,95,7
106,96,9
107,97,7
108,98,7
109,99,10
110,100,9
111,101,8
112,102,8
113,103,8
114,104,7
115,105,7
116,106,9
117,107,5
118,108,7
119,109,6
120,110,8
121,111,6
122,112,6
123,113,5
124,114,6
125,115,8
126,116,5
127,117,6
128,118,8
129,119,7
130,120,5
131,121,9
132,122,7
133,123,8
134,124,7
135,125,5
136,126,7
137,127,6
138,128,7
139,129,8
140,130,7
141,131,4
142,132,6
143,133,5
144,134,8
145,135,8
146,136,7
147,137,9
148,138,6
149,139,6
150,140,9
151,141,8
152,142,7
153,143,5
154,144,5
155,145,5
156,146,8
157,147,5
158,148,4
159,149,3
160,150,6
161,151,6
162,152,6
163,153,6
164,154,6
165,155,5
166,156,5
167,157,6
168,158,5
169,159,6
170,160,5
171,161,4
172,162,8
173,163,5
174,164,5
175,165,6
176,166,7
177,167,5
178,168,6
179,169,6
180,170,5
181,171,6
182,172,7
183,173,3
184,174,4
185,175,6
186,176,5
187,177,4
188,178,8
189,179,8
190,180,4
191,181,4
192,182,3
193,183,5
194,184,4
195,185,7
196,186,5
197,187,5
198,188,6
199,189,0
200,190,0
201,191,0
202,192,2
203,193,5
204,194,4
205,195,5
206,196,4
207,197,3
208,198,5
209,199,1
210,200,4
211,201,4
212,202,4
213,203,2
214,204,0
215,205,0
216,206,7
217,207,3
218,208,4
219,209,4
220,210,4
221,211,5
222,212,3
223,213,4
224,214,2
225,215,6
226,216,4
227,217,4
228,218,5
229,219,3
230,220,2
231,221,6
232,222,2
233,223,3
234,224,5
235,225,3
236,226,3
237,227,5
238,228,4
239,229,4
240,230,4
241,231,4
242,232,5
243,233,4
244,234,4
245,235,7
246,236,4
247,237,5
248,238,6
249,239,4
250,240,5
251,241,7
252,242,5
253,243,4
254,244,3
255,245,2
256,246,6
257,247,4
258,248,4
259,249,4
260,250,2
261,251,4
262,252,6
263,253,3
264,254,3
265,255,7
266,256,4
267,257,3
268,258,3
269,259,6
270,260,5
271,261,4
272,262,4
273,263,4
274,264,5
275,265,3
276,266,5
277,267,6
278,268,4
279,269,2
280,270,4
281,271,5
282,272,5
283,273,4
284,274,2
285,275,4
286,276,6
287,277,5
288,278,4
289,279,5
290,280,6
291,281,5
292,282,5
293,283,4
294,284,0
295,285,4
296,286,4
297,287,6
298,288,4
299,289,4
