,seconds,concurrency
0,0,6
1,1,20
2,2,16
3,3,26
4,4,12
5,5,36
6,6,28
7,7,29
8,8,46
9,9,21
10,10,12
11,11,34
12,12,8
13,13,6
14,14,0
15,15,6
16,16,8
17,17,6
18,18,4
19,19,24
20,20,6
21,21,0
22,22,28
23,23,15
24,24,19
25,25,34
26,26,20
27,27,32
28,28,12
29,29,10
30,30,0
31,31,0
32,32,2
33,33,1
34,34,9
35,35,11
36,36,45
37,37,13
38,38,0
39,39,13
40,40,34
41,41,18
42,42,36
43,43,17
44,44,33
45,45,59
46,46,106
47,47,7
48,48,3
49,49,28
50,50,12
51,51,27
52,52,5
53,53,12
54,54,4
55,55,6
56,56,3
57,57,3
58,58,2
59,59,4
60,60,4
61,61,4
62,62,8
63,63,2
64,64,6
65,65,2
66,66,2
67,67,6
68,68,4
69,69,2
70,70,0
71,71,0
72,72,6
73,73,8
74,74,2
75,75,4
76,76,6
77,77,0
78,78,10
79,79,6
80,80,6
81,81,2
82,82,0
83,83,0
84,84,0
85,85,0
86,86,0
87,87,0
88,88,4
89,89,2
90,90,2
91,91,28
92,92,4
93,93,0
94,94,8
95,95,14
96,96,2
97,97,4
98,98,4
99,99,3
100,100,5
101,101,20
102,102,4
103,103,4
104,104,4
105,105,4
106,106,4
107,107,2
108,108,14
109,109,0
110,110,0
111,111,14
112,112,8
113,113,2
114,114,8
115,115,8
116,116,2
117,117,6
118,118,14
119,119,22
120,120,11
121,121,23
122,122,14
123,123,18
124,124,18
125,125,26
126,126,12
127,127,4
128,128,6
129,129,10
130,130,6
131,131,2
132,132,6
133,133,4
134,134,6
135,135,20
136,136,26
137,137,42
138,138,10
139,139,43
140,140,47
141,141,31
142,142,13
143,143,6
144,144,24
145,145,12
146,146,10
147,147,4
148,148,12
149,149,10
150,150,10
151,151,0
152,152,9
153,153,11
154,154,14
155,155,10
156,156,10
157,157,4
158,158,24
159,159,68
160,160,44
161,161,14
162,162,28
163,163,28
164,164,50
165,165,14
166,166,14
167,167,10
168,168,18
169,169,10
170,170,18
171,171,16
172,172,82
173,173,40
174,174,16
175,175,18
176,176,24
177,177,8
178,178,12
179,179,12
180,180,24
181,181,20
182,182,16
183,183,4
184,184,30
185,185,4
186,186,6
187,187,8
188,188,6
189,189,8
190,190,8
191,191,18
192,192,2
193,193,4
194,194,8
195,195,8
196,196,10
197,197,10
198,198,6
199,199,24
200,200,18
201,201,16
202,202,6
203,203,8
204,204,8
205,205,10
206,206,6
207,207,6
208,208,8
209,209,2
210,210,0
211,211,2
212,212,0
213,213,8
214,214,4
215,215,4
216,216,4
217,217,0
218,218,2
219,219,0
220,220,0
221,221,4
222,222,10
223,223,6
224,224,4
225,225,0
226,226,4
227,227,2
228,228,2
229,229,6
230,230,2
231,231,0
232,232,0
233,233,0
234,234,4
235,235,2
236,236,8
237,237,2
238,238,2
239,239,10
240,240,12
241,241,16
242,242,0
243,243,0
244,244,6
245,245,10
246,246,0
247,247,4
248,248,0
249,249,0
250,250,0
251,251,0
252,252,0
253,253,0
254,254,0
255,255,2
256,256,0
257,257,6
258,258,16
259,259,2
260,260,8
261,261,2
262,262,0
263,263,2
264,264,2
265,265,0
266,266,0
267,267,10
268,268,16
269,269,22
270,270,28
271,271,32
272,272,19
273,273,59
274,274,24
275,275,4
276,276,6
277,277,16
278,278,12
279,279,4
280,280,4
281,281,6
282,282,8
283,283,0
284,284,8
285,285,0
286,286,18
287,287,6
288,288,4
289,289,14
290,290,2
291,291,11
292,292,7
293,293,26
294,294,2
295,295,2
296,296,2
297,297,4
298,298,2
299,299,16
