,seconds,concurrency
0,0,6
1,1,8
2,2,13
3,3,8
4,4,10
5,5,11
6,6,7
7,7,10
8,8,11
9,9,10
10,10,11
11,11,7
12,12,11
13,13,10
14,14,7
15,15,12
16,16,10
17,17,13
18,18,8
19,19,6
20,20,8
21,21,10
22,22,11
23,23,10
24,24,10
25,25,8
26,26,8
27,27,12
28,28,8
29,29,13
30,30,10
31,31,12
32,32,14
33,33,7
34,34,9
35,35,10
36,36,10
37,37,7
38,38,8
39,39,12
40,40,10
41,41,11
42,42,8
43,43,9
44,44,10
45,45,9
46,46,9
47,47,6
48,48,10
49,49,4
50,50,7
51,51,6
52,52,6
53,53,8
54,54,8
55,55,12
56,56,8
57,57,7
58,58,13
59,59,8
60,60,7
61,61,6
62,62,8
63,63,10
64,64,8
65,65,8
66,66,8
67,67,8
68,68,7
69,69,11
70,70,7
71,71,9
72,72,6
73,73,10
74,74,10
75,75,9
76,76,9
77,77,11
78,78,10
79,79,5
80,80,8
81,81,2
82,82,8
83,83,10
84,84,7
85,85,7
86,86,5
87,87,8
88,88,8
89,89,8
90,90,11
91,91,9
92,92,10
93,93,12
94,94,8
95,95,7
96,96,9
97,97,7
98,98,7
99,99,10
100,100,9
101,101,8
102,102,8
103,103,8
104,104,7
105,105,7
106,106,9
107,107,5
108,108,7
109,109,6
110,110,8
111,111,6
112,112,6
113,113,5
114,114,6
115,115,8
116,116,5
117,117,6
118,118,8
119,119,7
120,120,5
121,121,9
122,122,7
123,123,8
124,124,7
125,125,5
126,126,7
127,127,6
128,128,7
129,129,8
130,130,7
131,131,4
132,132,6
133,133,5
134,134,8
135,135,8
136,136,7
137,137,9
138,138,6
139,139,6
140,140,9
141,141,8
142,142,7
143,143,5
144,144,5
145,145,5
146,146,8
147,147,5
148,148,4
149,149,3
150,150,6
151,151,6
152,152,6
153,153,6
154,154,6
155,155,5
156,156,5
157,157,6
158,158,5
159,159,6
160,160,5
161,161,4
162,162,8
163,163,5
164,164,5
165,165,6
166,166,7
167,167,5
168,168,6
169,169,6
170,170,5
171,171,6
172,172,7
173,173,3
174,174,4
175,175,6
176,176,5
177,177,4
178,178,8
179,179,8
180,180,4
181,181,4
182,182,3
183,183,5
184,184,4
185,185,7
186,186,5
187,187,5
188,188,6
189,189,0
190,190,0
191,191,0
192,192,2
193,193,5
194,194,4
195,195,5
196,196,4
197,197,3
198,198,5
199,199,1
200,200,4
201,201,4
202,202,4
203,203,2
204,204,0
205,205,0
206,206,7
207,207,3
208,208,4
209,209,4
210,210,4
211,211,5
212,212,3
213,213,4
214,214,2
215,215,6
216,216,4
217,217,4
218,218,5
219,219,3
220,220,2
221,221,6
222,222,2
223,223,3
224,224,5
225,225,3
226,226,3
227,227,5
228,228,4
229,229,4
230,230,4
231,231,4
232,232,5
233,233,4
234,234,4
235,235,7
236,236,4
237,237,5
238,238,6
239,239,4
240,240,5
241,241,7
242,242,5
243,243,4
244,244,3
245,245,2
246,246,6
247,247,4
248,248,4
249,249,4
250,250,2
251,251,4
252,252,6
253,253,3
254,254,3
255,255,7
256,256,4
257,257,3
258,258,3
259,259,6
260,260,5
261,261,4
262,262,4
263,263,4
264,264,5
265,265,3
266,266,5
267,267,6
268,268,4
269,269,2
270,270,4
271,271,5
272,272,5
273,273,4
274,274,2
275,275,4
276,276,6
277,277,5
278,278,4
279,279,5
280,280,6
281,281,5
282,282,5
283,283,4
284,284,0
285,285,4
286,286,4
287,287,6
288,288,4
289,289,4
290,290,1
291,291,6
292,292,4
293,293,5
294,294,5
295,295,4
296,296,4
297,297,4
298,298,3
299,299,5
