,seconds,concurrency
0,290,0
1,291,0
2,292,0
3,293,0
4,294,0
5,295,0
6,296,0
7,297,0
8,298,0
9,299,0
10,0,26
11,1,25
12,2,16
13,3,37
14,4,40
15,5,34
16,6,26
17,7,24
18,8,28
19,9,41
20,10,40
21,11,40
22,12,24
23,13,23
24,14,27
25,15,38
26,16,42
27,17,18
28,18,0
29,19,50
30,20,50
31,21,39
32,22,42
33,23,33
34,24,27
35,25,25
36,26,27
37,27,39
38,28,43
39,29,30
40,30,25
41,31,23
42,32,33
43,33,40
44,34,33
45,35,27
46,36,29
47,37,30
48,38,34
49,39,30
50,40,41
51,41,36
52,42,26
53,43,26
54,44,24
55,45,37
56,46,39
57,47,40
58,48,21
59,49,21
60,50,26
61,51,31
62,52,41
63,53,10
64,54,0
65,55,0
66,56,0
67,57,10
68,58,18
69,59,91
70,60,91
71,61,76
72,62,25
73,63,32
74,64,34
75,65,40
76,66,28
77,67,23
78,68,26
79,69,21
80,70,44
81,71,40
82,72,33
83,73,30
84,74,23
85,75,32
86,76,40
87,77,38
88,78,28
89,79,26
90,80,17
91,81,29
92,82,40
93,83,37
94,84,33
95,85,27
96,86,19
97,87,21
98,88,36
99,89,43
100,90,24
101,91,22
102,92,20
103,93,37
104,94,37
105,95,21
106,96,0
107,97,10
108,98,0
109,99,60
110,100,83
111,101,21
112,102,23
113,103,25
114,104,40
115,105,36
116,106,22
117,107,22
118,108,29
119,109,39
120,110,39
121,111,40
122,112,31
123,113,46
124,114,40
125,115,39
126,116,38
127,117,39
128,118,36
129,119,24
130,120,20
131,121,40
132,122,40
133,123,40
134,124,38
135,125,42
136,126,36
137,127,41
138,128,28
139,129,25
140,130,40
141,131,40
142,132,38
143,133,41
144,134,39
145,135,41
146,136,39
147,137,39
148,138,36
149,139,37
150,140,40
151,141,41
152,142,40
153,143,38
154,144,39
155,145,39
156,146,42
157,147,40
158,148,37
159,149,41
160,150,38
161,151,37
162,152,37
163,153,42
164,154,38
165,155,37
166,156,36
167,157,10
168,158,10
169,159,99
170,160,40
171,161,38
172,162,40
173,163,38
174,164,39
175,165,29
176,166,30
177,167,41
178,168,33
179,169,35
180,170,42
181,171,38
182,172,43
183,173,40
184,174,19
185,175,40
186,176,61
187,177,32
188,178,51
189,179,40
190,180,23
191,181,59
192,182,40
193,183,16
194,184,62
195,185,39
196,186,41
197,187,41
198,188,39
199,189,36
200,190,45
201,191,39
202,192,42
203,193,38
204,194,42
205,195,14
206,196,40
207,197,66
208,198,39
209,199,38
210,200,40
211,201,39
212,202,38
213,203,38
214,204,39
215,205,42
216,206,41
217,207,36
218,208,19
219,209,40
220,210,65
221,211,25
222,212,50
223,213,42
224,214,36
225,215,39
226,216,39
227,217,43
228,218,37
229,219,35
230,220,47
231,221,38
232,222,35
233,223,44
234,224,38
235,225,39
236,226,41
237,227,39
238,228,41
239,229,41
240,230,39
241,231,0
242,232,10
243,233,0
244,234,0
245,235,0
246,236,0
247,237,0
248,238,0
249,239,80
250,240,13
251,241,0
252,242,0
253,243,0
254,244,0
255,245,0
256,246,0
257,247,0
258,248,0
259,249,0
260,250,0
261,251,0
262,252,0
263,253,0
264,254,0
265,255,0
266,256,0
267,257,0
268,258,0
269,259,0
270,260,0
271,261,0
272,262,0
273,263,0
274,264,0
275,265,0
276,266,0
277,267,0
278,268,0
279,269,0
280,270,0
281,271,0
282,272,0
283,273,0
284,274,0
285,275,0
286,276,0
287,277,0
288,278,0
289,279,0
290,280,0
291,281,0
292,282,0
293,283,0
294,284,0
295,285,0
296,286,0
297,287,0
298,288,0
299,289,0
