,seconds,concurrency
0,290,0
1,291,0
2,292,0
3,293,0
4,294,0
5,295,0
6,296,0
7,297,0
8,298,0
9,299,0
10,0,2
11,1,0
12,2,2
13,3,8
14,4,2
15,5,0
16,6,8
17,7,2
18,8,6
19,9,2
20,10,6
21,11,4
22,12,6
23,13,10
24,14,4
25,15,6
26,16,4
27,17,0
28,18,10
29,19,2
30,20,8
31,21,4
32,22,8
33,23,8
34,24,4
35,25,6
36,26,4
37,27,2
38,28,4
39,29,4
40,30,2
41,31,4
42,32,2
43,33,4
44,34,2
45,35,12
46,36,4
47,37,6
48,38,6
49,39,6
50,40,12
51,41,6
52,42,7
53,43,2
54,44,0
55,45,4
56,46,1
57,47,3
58,48,4
59,49,5
60,50,4
61,51,6
62,52,6
63,53,4
64,54,0
65,55,2
66,56,4
67,57,2
68,58,2
69,59,0
70,60,4
71,61,2
72,62,2
73,63,4
74,64,4
75,65,8
76,66,2
77,67,16
78,68,4
79,69,10
80,70,4
81,71,0
82,72,8
83,73,2
84,74,6
85,75,4
86,76,4
87,77,4
88,78,6
89,79,4
90,80,6
91,81,2
92,82,2
93,83,4
94,84,2
95,85,2
96,86,4
97,87,2
98,88,4
99,89,4
100,90,4
101,91,0
102,92,4
103,93,6
104,94,6
105,95,6
106,96,6
107,97,0
108,98,0
109,99,12
110,100,0
111,101,4
112,102,4
113,103,4
114,104,6
115,105,0
116,106,6
117,107,8
118,108,0
119,109,2
120,110,3
121,111,2
122,112,2
123,113,1
124,114,2
125,115,0
126,116,4
127,117,2
128,118,2
129,119,1
130,120,2
131,121,3
132,122,1
133,123,2
134,124,2
135,125,0
136,126,3
137,127,1
138,128,2
139,129,3
140,130,3
141,131,3
142,132,3
143,133,4
144,134,0
145,135,0
146,136,5
147,137,7
148,138,6
149,139,8
150,140,4
151,141,4
152,142,4
153,143,4
154,144,4
155,145,0
156,146,4
157,147,2
158,148,8
159,149,10
160,150,3
161,151,1
162,152,0
163,153,3
164,154,1
165,155,1
166,156,1
167,157,3
168,158,2
169,159,2
170,160,1
171,161,1
172,162,1
173,163,2
174,164,1
175,165,1
176,166,1
177,167,2
178,168,2
179,169,3
180,170,4
181,171,0
182,172,2
183,173,5
184,174,6
185,175,3
186,176,1
187,177,5
188,178,1
189,179,0
190,180,4
191,181,1
192,182,2
193,183,3
194,184,8
195,185,1
196,186,1
197,187,4
198,188,2
199,189,0
200,190,1
201,191,3
202,192,1
203,193,1
204,194,0
205,195,2
206,196,0
207,197,1
208,198,2
209,199,3
210,200,3
211,201,2
212,202,2
213,203,4
214,204,4
215,205,2
216,206,1
217,207,3
218,208,1
219,209,3
220,210,3
221,211,0
222,212,0
223,213,5
224,214,1
225,215,1
226,216,0
227,217,0
228,218,0
229,219,1
230,220,0
231,221,0
232,222,0
233,223,0
234,224,0
235,225,0
236,226,0
237,227,0
238,228,0
239,229,0
240,230,0
241,231,0
242,232,0
243,233,0
244,234,0
245,235,0
246,236,0
247,237,0
248,238,0
249,239,0
250,240,0
251,241,0
252,242,0
253,243,0
254,244,0
255,245,0
256,246,0
257,247,0
258,248,0
259,249,0
260,250,1
261,251,3
262,252,3
263,253,1
264,254,4
265,255,2
266,256,6
267,257,2
268,258,2
269,259,0
270,260,0
271,261,3
272,262,0
273,263,3
274,264,3
275,265,4
276,266,1
277,267,1
278,268,2
279,269,2
280,270,0
281,271,3
282,272,1
283,273,1
284,274,2
285,275,0
286,276,2
287,277,1
288,278,0
289,279,2
290,280,0
291,281,0
292,282,0
293,283,0
294,284,0
295,285,0
296,286,0
297,287,0
298,288,0
299,289,0
