,seconds,concurrency
0,290,0
1,291,3
2,292,3
3,293,5
4,294,2
5,295,1
6,296,1
7,297,5
8,298,2
9,299,5
10,0,5
11,1,2
12,2,4
13,3,2
14,4,2
15,5,1
16,6,2
17,7,3
18,8,1
19,9,2
20,10,3
21,11,1
22,12,6
23,13,3
24,14,2
25,15,4
26,16,2
27,17,1
28,18,6
29,19,3
30,20,4
31,21,2
32,22,1
33,23,2
34,24,1
35,25,3
36,26,5
37,27,0
38,28,3
39,29,0
40,30,4
41,31,0
42,32,3
43,33,2
44,34,0
45,35,0
46,36,0
47,37,11
48,38,1
49,39,2
50,40,2
51,41,1
52,42,3
53,43,2
54,44,2
55,45,1
56,46,6
57,47,3
58,48,0
59,49,0
60,50,2
61,51,1
62,52,0
63,53,1
64,54,3
65,55,1
66,56,1
67,57,1
68,58,1
69,59,2
70,60,8
71,61,3
72,62,2
73,63,2
74,64,2
75,65,1
76,66,1
77,67,0
78,68,3
79,69,2
80,70,3
81,71,3
82,72,0
83,73,5
84,74,6
85,75,1
86,76,1
87,77,4
88,78,2
89,79,5
90,80,2
91,81,2
92,82,3
93,83,2
94,84,5
95,85,2
96,86,4
97,87,2
98,88,5
99,89,1
100,90,2
101,91,1
102,92,3
103,93,1
104,94,1
105,95,5
106,96,4
107,97,6
108,98,1
109,99,2
110,100,0
111,101,2
112,102,0
113,103,0
114,104,4
115,105,0
116,106,4
117,107,5
118,108,0
119,109,1
120,110,3
121,111,2
122,112,7
123,113,4
124,114,2
125,115,4
126,116,2
127,117,0
128,118,4
129,119,0
130,120,1
131,121,2
132,122,4
133,123,2
134,124,3
135,125,6
136,126,2
137,127,1
138,128,2
139,129,1
140,130,7
141,131,1
142,132,5
143,133,1
144,134,4
145,135,1
146,136,4
147,137,3
148,138,5
149,139,2
150,140,2
151,141,5
152,142,3
153,143,0
154,144,4
155,145,4
156,146,2
157,147,3
158,148,4
159,149,3
160,150,3
161,151,4
162,152,0
163,153,3
164,154,1
165,155,3
166,156,5
167,157,8
168,158,1
169,159,3
170,160,1
171,161,8
172,162,5
173,163,5
174,164,0
175,165,2
176,166,2
177,167,2
178,168,4
179,169,1
180,170,2
181,171,4
182,172,3
183,173,6
184,174,7
185,175,2
186,176,11
187,177,4
188,178,6
189,179,2
190,180,3
191,181,3
192,182,1
193,183,4
194,184,4
195,185,3
196,186,3
197,187,1
198,188,3
199,189,1
200,190,11
201,191,1
202,192,8
203,193,2
204,194,2
205,195,12
206,196,5
207,197,3
208,198,3
209,199,1
210,200,12
211,201,7
212,202,2
213,203,6
214,204,6
215,205,8
216,206,6
217,207,3
218,208,4
219,209,5
220,210,8
221,211,4
222,212,3
223,213,3
224,214,2
225,215,2
226,216,4
227,217,4
228,218,2
229,219,1
230,220,4
231,221,5
232,222,11
233,223,2
234,224,2
235,225,2
236,226,7
237,227,2
238,228,8
239,229,2
240,230,13
241,231,2
242,232,3
243,233,2
244,234,1
245,235,1
246,236,2
247,237,0
248,238,4
249,239,3
250,240,0
251,241,4
252,242,0
253,243,2
254,244,2
255,245,5
256,246,1
257,247,1
258,248,3
259,249,2
260,250,2
261,251,0
262,252,5
263,253,3
264,254,3
265,255,4
266,256,6
267,257,5
268,258,6
269,259,6
270,260,2
271,261,10
272,262,1
273,263,2
274,264,0
275,265,6
276,266,4
277,267,5
278,268,3
279,269,3
280,270,1
281,271,4
282,272,3
283,273,6
284,274,7
285,275,2
286,276,6
287,277,8
288,278,4
289,279,13
290,280,1
291,281,2
292,282,4
293,283,1
294,284,5
295,285,5
296,286,4
297,287,3
298,288,9
299,289,5
