,seconds,concurrency
0,0,2
1,1,6
2,2,4
3,3,0
4,4,1
5,5,0
6,6,0
7,7,1
8,8,1
9,9,1
10,10,0
11,11,0
12,12,0
13,13,0
14,14,1
15,15,1
16,16,2
17,17,0
18,18,0
19,19,0
20,20,1
21,21,0
22,22,0
23,23,0
24,24,0
25,25,0
26,26,0
27,27,1
28,28,1
29,29,1
30,30,0
31,31,1
32,32,0
33,33,0
34,34,1
35,35,0
36,36,1
37,37,0
38,38,2
39,39,0
40,40,0
41,41,0
42,42,0
43,43,1
44,44,1
45,45,0
46,46,7
47,47,2
48,48,4
49,49,1
50,50,1
51,51,2
52,52,7
53,53,2
54,54,0
55,55,4
56,56,4
57,57,4
58,58,2
59,59,8
60,60,6
61,61,3
62,62,1
63,63,5
64,64,3
65,65,2
66,66,5
67,67,4
68,68,5
69,69,10
70,70,10
71,71,1
72,72,12
73,73,4
74,74,2
75,75,8
76,76,3
77,77,5
78,78,5
79,79,6
80,80,4
81,81,2
82,82,4
83,83,3
84,84,0
85,85,2
86,86,2
87,87,10
88,88,4
89,89,3
90,90,3
91,91,3
92,92,3
93,93,1
94,94,3
95,95,3
96,96,6
97,97,1
98,98,0
99,99,5
100,100,0
101,101,0
102,102,1
103,103,1
104,104,1
105,105,0
106,106,1
107,107,0
108,108,1
109,109,0
110,110,0
111,111,2
112,112,1
113,113,0
114,114,1
115,115,4
116,116,6
117,117,10
118,118,5
119,119,10
120,120,6
121,121,2
122,122,6
123,123,1
124,124,3
125,125,1
126,126,4
127,127,1
128,128,0
129,129,1
130,130,1
131,131,3
132,132,4
133,133,2
134,134,7
135,135,6
136,136,2
137,137,1
138,138,0
139,139,1
140,140,5
141,141,0
142,142,5
143,143,1
144,144,3
145,145,1
146,146,0
147,147,1
148,148,1
149,149,0
150,150,0
151,151,0
152,152,1
153,153,0
154,154,2
155,155,3
156,156,0
157,157,1
158,158,0
159,159,1
160,160,0
161,161,0
162,162,0
163,163,0
164,164,0
165,165,2
166,166,1
167,167,0
168,168,0
169,169,0
170,170,1
171,171,5
172,172,2
173,173,0
174,174,2
175,175,0
176,176,1
177,177,0
178,178,0
179,179,7
180,180,1
181,181,0
182,182,4
183,183,3
184,184,2
185,185,4
186,186,0
187,187,3
188,188,2
189,189,3
190,190,6
191,191,2
192,192,4
193,193,4
194,194,3
195,195,4
196,196,4
197,197,0
198,198,3
199,199,1
200,200,0
201,201,0
202,202,0
203,203,0
204,204,0
205,205,0
206,206,0
207,207,0
208,208,0
209,209,0
210,210,0
211,211,0
212,212,0
213,213,2
214,214,2
215,215,1
216,216,0
217,217,0
218,218,0
219,219,1
220,220,0
221,221,0
222,222,0
223,223,0
224,224,0
225,225,0
226,226,0
227,227,4
228,228,6
229,229,1
230,230,2
231,231,0
232,232,1
233,233,0
234,234,0
235,235,0
236,236,0
237,237,0
238,238,2
239,239,4
240,240,1
241,241,2
242,242,0
243,243,0
244,244,0
245,245,0
246,246,1
247,247,0
248,248,2
249,249,0
250,250,2
251,251,0
252,252,0
253,253,2
254,254,3
255,255,1
256,256,0
257,257,0
258,258,0
259,259,2
260,260,0
261,261,2
262,262,0
263,263,0
264,264,0
265,265,0
266,266,0
267,267,0
268,268,1
269,269,3
270,270,1
271,271,0
272,272,0
273,273,1
274,274,0
275,275,1
276,276,0
277,277,0
278,278,0
279,279,0
280,280,0
281,281,0
282,282,0
283,283,3
284,284,2
285,285,0
286,286,0
287,287,0
288,288,0
289,289,1
290,290,0
291,291,0
292,292,4
293,293,1
294,294,0
295,295,1
296,296,0
297,297,4
298,298,3
299,299,5
