,seconds,concurrency
0,0,1
1,1,2
2,2,2
3,3,2
4,4,0
5,5,0
6,6,0
7,7,0
8,8,0
9,9,2
10,10,1
11,11,1
12,12,1
13,13,0
14,14,4
15,15,1
16,16,0
17,17,0
18,18,0
19,19,0
20,20,0
21,21,0
22,22,0
23,23,0
24,24,0
25,25,0
26,26,0
27,27,0
28,28,0
29,29,0
30,30,0
31,31,0
32,32,0
33,33,0
34,34,0
35,35,0
36,36,0
37,37,0
38,38,1
39,39,0
40,40,4
41,41,0
42,42,1
43,43,1
44,44,0
45,45,2
46,46,0
47,47,0
48,48,0
49,49,0
50,50,0
51,51,0
52,52,1
53,53,0
54,54,0
55,55,1
56,56,1
57,57,0
58,58,0
59,59,0
60,60,0
61,61,0
62,62,0
63,63,1
64,64,0
65,65,1
66,66,1
67,67,0
68,68,0
69,69,1
70,70,0
71,71,2
72,72,2
73,73,2
74,74,1
75,75,0
76,76,0
77,77,0
78,78,0
79,79,0
80,80,0
81,81,0
82,82,0
83,83,2
84,84,0
85,85,0
86,86,1
87,87,2
88,88,0
89,89,1
90,90,1
91,91,0
92,92,0
93,93,0
94,94,0
95,95,0
96,96,0
97,97,0
98,98,2
99,99,1
100,100,0
101,101,1
102,102,1
103,103,0
104,104,0
105,105,0
106,106,1
107,107,0
108,108,0
109,109,0
110,110,0
111,111,0
112,112,0
113,113,0
114,114,0
115,115,0
116,116,0
117,117,1
118,118,1
119,119,0
120,120,0
121,121,0
122,122,2
123,123,2
124,124,1
125,125,1
126,126,0
127,127,0
128,128,0
129,129,0
130,130,0
131,131,0
132,132,0
133,133,1
134,134,2
135,135,1
136,136,1
137,137,3
138,138,1
139,139,0
140,140,0
141,141,0
142,142,2
143,143,1
144,144,0
145,145,0
146,146,0
147,147,0
148,148,0
149,149,0
150,150,0
151,151,0
152,152,0
153,153,3
154,154,1
155,155,1
156,156,1
157,157,0
158,158,6
159,159,0
160,160,0
161,161,0
162,162,0
163,163,0
164,164,0
165,165,0
166,166,0
167,167,0
168,168,1
169,169,0
170,170,0
171,171,0
172,172,0
173,173,1
174,174,0
175,175,0
176,176,0
177,177,2
178,178,2
179,179,0
180,180,0
181,181,2
182,182,1
183,183,7
184,184,1
185,185,0
186,186,0
187,187,0
188,188,0
189,189,0
190,190,0
191,191,0
192,192,0
193,193,1
194,194,0
195,195,1
196,196,0
197,197,0
198,198,0
199,199,0
200,200,0
201,201,0
202,202,0
203,203,0
204,204,0
205,205,2
206,206,0
207,207,1
208,208,0
209,209,2
210,210,1
211,211,0
212,212,1
213,213,0
214,214,1
215,215,0
216,216,0
217,217,0
218,218,1
219,219,0
220,220,0
221,221,2
222,222,1
223,223,0
224,224,0
225,225,2
226,226,0
227,227,0
228,228,0
229,229,0
230,230,0
231,231,0
232,232,0
233,233,0
234,234,0
235,235,3
236,236,1
237,237,0
238,238,2
239,239,1
240,240,0
241,241,1
242,242,0
243,243,2
244,244,1
245,245,0
246,246,0
247,247,0
248,248,0
249,249,0
250,250,0
251,251,0
252,252,0
253,253,2
254,254,2
255,255,4
256,256,1
257,257,0
258,258,2
259,259,3
260,260,3
261,261,2
262,262,0
263,263,0
264,264,0
265,265,0
266,266,0
267,267,0
268,268,0
269,269,1
270,270,4
271,271,0
272,272,1
273,273,2
274,274,2
275,275,2
276,276,4
277,277,0
278,278,0
279,279,0
280,280,0
281,281,0
282,282,0
283,283,0
284,284,0
285,285,1
286,286,0
287,287,0
288,288,0
289,289,1
290,290,1
291,291,1
292,292,0
293,293,0
294,294,0
295,295,0
296,296,0
297,297,0
298,298,2
299,299,1
