,seconds,concurrency
0,290,0
1,291,0
2,292,1
3,293,1
4,294,1
5,295,0
6,296,2
7,297,2
8,298,0
9,299,2
10,0,0
11,1,0
12,2,0
13,3,0
14,4,0
15,5,0
16,6,0
17,7,0
18,8,0
19,9,0
20,10,0
21,11,0
22,12,0
23,13,0
24,14,0
25,15,0
26,16,0
27,17,0
28,18,0
29,19,0
30,20,0
31,21,0
32,22,0
33,23,0
34,24,0
35,25,0
36,26,0
37,27,0
38,28,0
39,29,0
40,30,0
41,31,0
42,32,0
43,33,0
44,34,0
45,35,0
46,36,0
47,37,0
48,38,0
49,39,0
50,40,0
51,41,0
52,42,0
53,43,0
54,44,0
55,45,0
56,46,0
57,47,0
58,48,0
59,49,0
60,50,0
61,51,0
62,52,0
63,53,0
64,54,0
65,55,0
66,56,0
67,57,0
68,58,0
69,59,0
70,60,0
71,61,0
72,62,0
73,63,0
74,64,0
75,65,0
76,66,0
77,67,0
78,68,0
79,69,0
80,70,0
81,71,0
82,72,0
83,73,0
84,74,0
85,75,0
86,76,0
87,77,0
88,78,0
89,79,0
90,80,0
91,81,0
92,82,0
93,83,0
94,84,0
95,85,0
96,86,0
97,87,0
98,88,0
99,89,0
100,90,0
101,91,0
102,92,0
103,93,0
104,94,0
105,95,0
106,96,0
107,97,0
108,98,0
109,99,0
110,100,0
111,101,0
112,102,0
113,103,0
114,104,0
115,105,0
116,106,0
117,107,0
118,108,0
119,109,0
120,110,0
121,111,0
122,112,0
123,113,0
124,114,0
125,115,0
126,116,0
127,117,0
128,118,0
129,119,0
130,120,0
131,121,0
132,122,0
133,123,0
134,124,0
135,125,0
136,126,0
137,127,0
138,128,0
139,129,0
140,130,0
141,131,0
142,132,0
143,133,0
144,134,0
145,135,0
146,136,0
147,137,0
148,138,0
149,139,0
150,140,0
151,141,0
152,142,0
153,143,0
154,144,0
155,145,0
156,146,0
157,147,0
158,148,0
159,149,0
160,150,0
161,151,0
162,152,0
163,153,0
164,154,0
165,155,0
166,156,0
167,157,0
168,158,0
169,159,0
170,160,0
171,161,0
172,162,0
173,163,0
174,164,0
175,165,0
176,166,0
177,167,0
178,168,0
179,169,0
180,170,0
181,171,0
182,172,0
183,173,1
184,174,0
185,175,1
186,176,18
187,177,34
188,178,50
189,179,39
190,180,0
191,181,5
192,182,6
193,183,2
194,184,6
195,185,1
196,186,4
197,187,8
198,188,2
199,189,5
200,190,6
201,191,6
202,192,5
203,193,8
204,194,16
205,195,8
206,196,15
207,197,10
208,198,17
209,199,14
210,200,6
211,201,3
212,202,8
213,203,8
214,204,5
215,205,6
216,206,4
217,207,4
218,208,0
219,209,6
220,210,2
221,211,10
222,212,4
223,213,3
224,214,7
225,215,0
226,216,1
227,217,1
228,218,0
229,219,4
230,220,0
231,221,3
232,222,1
233,223,1
234,224,2
235,225,1
236,226,0
237,227,1
238,228,1
239,229,0
240,230,1
241,231,1
242,232,0
243,233,2
244,234,0
245,235,0
246,236,1
247,237,1
248,238,0
249,239,1
250,240,1
251,241,1
252,242,1
253,243,0
254,244,1
255,245,0
256,246,0
257,247,1
258,248,2
259,249,0
260,250,0
261,251,1
262,252,0
263,253,0
264,254,1
265,255,2
266,256,0
267,257,1
268,258,0
269,259,0
270,260,1
271,261,0
272,262,0
273,263,0
274,264,1
275,265,0
276,266,0
277,267,0
278,268,2
279,269,1
280,270,0
281,271,0
282,272,0
283,273,0
284,274,1
285,275,0
286,276,1
287,277,1
288,278,2
289,279,0
290,280,0
291,281,0
292,282,0
293,283,0
294,284,1
295,285,1
296,286,0
297,287,1
298,288,0
299,289,0
