,seconds,concurrency
0,0,14
1,1,12
2,2,15
3,3,12
4,4,10
5,5,9
6,6,10
7,7,5
8,8,15
9,9,7
10,10,10
11,11,8
12,12,11
13,13,15
14,14,13
15,15,13
16,16,7
17,17,10
18,18,14
19,19,9
20,20,10
21,21,4
22,22,11
23,23,12
24,24,17
25,25,11
26,26,9
27,27,12
28,28,11
29,29,11
30,30,3
31,31,12
32,32,9
33,33,7
34,34,6
35,35,10
36,36,7
37,37,12
38,38,4
39,39,14
40,40,7
41,41,6
42,42,6
43,43,9
44,44,8
45,45,12
46,46,7
47,47,10
48,48,7
49,49,9
50,50,5
51,51,14
52,52,9
53,53,8
54,54,5
55,55,4
56,56,7
57,57,6
58,58,8
59,59,8
60,60,10
61,61,7
62,62,9
63,63,7
64,64,9
65,65,5
66,66,3
67,67,1
68,68,8
69,69,6
70,70,10
71,71,6
72,72,11
73,73,6
74,74,6
75,75,4
76,76,9
77,77,18
78,78,17
79,79,9
80,80,9
81,81,6
82,82,10
83,83,7
84,84,7
85,85,8
86,86,7
87,87,6
88,88,3
89,89,11
90,90,7
91,91,5
92,92,6
93,93,13
94,94,8
95,95,7
96,96,4
97,97,13
98,98,14
99,99,8
100,100,7
101,101,4
102,102,7
103,103,9
104,104,15
105,105,4
106,106,8
107,107,13
108,108,8
109,109,7
110,110,5
111,111,5
112,112,6
113,113,7
114,114,3
115,115,4
116,116,7
117,117,7
118,118,5
119,119,6
120,120,4
121,121,4
122,122,8
123,123,7
124,124,5
125,125,2
126,126,7
127,127,4
128,128,5
129,129,5
130,130,13
131,131,15
132,132,9
133,133,9
134,134,6
135,135,7
136,136,7
137,137,8
138,138,3
139,139,4
140,140,6
141,141,5
142,142,6
143,143,5
144,144,7
145,145,10
146,146,5
147,147,5
148,148,4
149,149,4
150,150,3
151,151,7
152,152,6
153,153,3
154,154,8
155,155,17
156,156,13
157,157,13
158,158,8
159,159,10
160,160,7
161,161,3
162,162,8
163,163,8
164,164,6
165,165,8
166,166,5
167,167,6
168,168,8
169,169,5
170,170,10
171,171,8
172,172,7
173,173,9
174,174,7
175,175,4
176,176,10
177,177,8
178,178,4
179,179,8
180,180,7
181,181,9
182,182,10
183,183,9
184,184,7
185,185,9
186,186,5
187,187,7
188,188,6
189,189,3
190,190,14
191,191,4
192,192,5
193,193,5
194,194,5
195,195,7
196,196,8
197,197,8
198,198,11
199,199,6
200,200,7
201,201,5
202,202,9
203,203,9
204,204,3
205,205,5
206,206,7
207,207,4
208,208,3
209,209,5
210,210,5
211,211,4
212,212,7
213,213,6
214,214,8
215,215,0
216,216,0
217,217,3
218,218,28
219,219,11
220,220,8
221,221,7
222,222,5
223,223,13
224,224,7
225,225,3
226,226,12
227,227,3
228,228,16
229,229,12
230,230,8
231,231,7
232,232,11
233,233,16
234,234,4
235,235,11
236,236,9
237,237,6
238,238,11
239,239,8
240,240,11
241,241,10
242,242,6
243,243,4
244,244,6
245,245,9
246,246,11
247,247,6
248,248,5
249,249,6
250,250,2
251,251,4
252,252,5
253,253,5
254,254,4
255,255,7
256,256,0
257,257,0
258,258,0
259,259,0
260,260,0
261,261,0
262,262,0
263,263,0
264,264,0
265,265,0
266,266,0
267,267,0
268,268,0
269,269,0
270,270,0
271,271,0
272,272,0
273,273,0
274,274,0
275,275,0
276,276,0
277,277,0
278,278,0
279,279,0
280,280,0
281,281,0
282,282,0
283,283,0
284,284,0
285,285,0
286,286,0
287,287,0
288,288,0
289,289,0
290,290,0
291,291,0
292,292,0
293,293,0
294,294,0
295,295,0
296,296,0
297,297,0
298,298,0
299,299,1
